"Clone sequence"	PC1	PC2	PC3	PC4
				
				
G	-0.080	3.263	-1.107	-2.337
A	0.375	0.298	-0.528	-0.198
G	0.240	1.213	-0.720	-0.916
C	0.370	0.360	-0.557	-0.304
A	0.426	0.431	-0.380	-0.334
U	-1.047	6.321	-1.655	-4.561
U	-0.471	-0.691	-0.424	0.233
U	-0.804	-0.605	0.173	-0.095
C	0.097	1.524	-0.093	-1.118
A	-0.561	0.728	-0.611	-0.621
U	-1.124	2.644	-0.966	-2.081
C	0.072	0.193	-0.015	-0.322
C	0.345	-0.050	-0.394	-0.066
G	-1.392	0.183	0.929	-1.069
G	0.155	-0.341	-0.313	0.056
A	0.468	-0.364	-0.400	0.322
G	0.435	-0.231	-0.426	0.077
U	0.264	-0.148	-0.443	0.003
C	0.937	0.071	1.474	0.303
U	0.121	0.209	-0.343	-0.255
G	0.258	-0.171	-0.295	-0.021
G	0.479	-0.210	-0.351	0.089
C	0.462	0.196	-0.233	-0.073
C	0.578	-0.032	0.288	0.141
G	0.349	0.390	-0.111	-0.327
C	0.441	0.213	-0.185	0.069
C	0.411	-0.033	-0.466	-0.064
C	0.408	-0.051	-0.386	-0.052
U	0.073	0.136	-0.316	-0.215
G	0.430	-0.280	-0.437	0.110
A	0.487	0.001	-0.171	0.086
C	0.342	0.249	-0.400	-0.037
C	0.246	0.750	-0.255	-0.435
U	-4.766	-2.892	-0.575	1.096
U	-3.445	-1.373	0.477	-0.154
C	-0.089	0.386	2.675	-0.474
C	-0.089	-0.152	1.105	-0.199
C	0.558	-0.386	-0.109	0.274
C	0.450	-0.355	-0.342	0.231
C	0.157	-0.320	-0.014	0.012
A	0.332	0.129	-0.415	0.107
G	0.209	-0.349	0.023	0.046
C	0.077	0.197	-0.045	-0.212
C	0.661	-0.153	0.500	0.207
G	0.404	-0.242	-0.174	0.095
C	0.416	-0.321	-0.267	0.121
C	0.283	0.002	-0.291	-0.108
U	-0.152	-0.246	-0.298	-0.060
G	-0.317	-0.244	0.151	-0.267
C	0.891	-0.125	1.409	0.358
A	0.383	0.002	-0.332	0.329
G	0.275	-0.342	-0.025	0.074
G	-0.052	0.462	-0.149	-0.593
G	-0.223	-0.245	0.308	-0.225
G	0.059	0.424	-0.521	-0.435
G	0.182	-0.243	-0.288	0.055
C	0.493	-0.214	-0.136	0.193
G	0.113	-0.101	-0.038	-0.150
C	0.546	-0.364	-0.214	0.215
C	0.249	-0.096	-0.316	-0.104
A	0.383	0.058	-0.457	0.184
G	0.328	0.048	-0.506	-0.124
A	-0.547	6.099	-1.641	-4.252
G	-0.381	0.041	0.148	-0.498
G	0.209	0.833	-0.577	-0.690
G	0.136	-0.216	-0.450	0.029
C	0.403	0.174	-0.326	-0.151
C	0.297	-0.204	-0.271	0.155
G	-0.716	0.001	0.474	-0.637
G	0.415	0.039	-0.492	-0.106
A	0.415	-0.070	-0.476	0.023
G	0.360	-0.286	-0.347	0.074
C	0.375	0.790	-0.387	-0.542
A	0.357	-0.309	-0.260	0.258
C	0.407	0.150	-0.507	-0.160
G	0.062	1.557	-0.719	-1.197
G	0.260	0.980	-0.664	-0.762
A	0.433	-0.144	-0.455	0.145
A	0.404	-0.050	-0.474	-0.026
A	0.412	-0.034	-0.460	0.124
G	0.377	0.282	-0.538	-0.274
C	0.351	0.571	-0.537	-0.464
A	-0.053	1.208	-0.168	1.896
G	-0.285	-0.055	0.187	-0.389
C	0.779	-0.020	0.758	0.177
G	-0.089	-0.105	0.011	-0.250
G	0.374	0.179	-0.489	-0.212
A	0.500	-0.213	-0.339	0.095
U	0.140	-0.264	-0.328	0.019
C	0.571	-0.206	0.291	0.167
C	0.807	-0.280	0.992	0.394
U	-2.781	-1.243	-0.407	1.016
U	-0.220	-0.243	-0.360	0.199
G	0.426	-0.307	-0.440	0.131
A	0.329	0.263	-0.544	-0.212
U	-1.009	-0.633	-0.578	0.218
G	0.460	-0.398	-0.391	0.186
C	0.972	0.021	1.365	0.253
U	0.012	-0.421	-0.406	0.140
G	0.342	-0.172	-0.346	0.014
C	0.533	-0.362	-0.254	0.261
C	0.510	-0.325	-0.244	0.190
U	-0.996	-0.835	-0.342	0.330
U	-5.294	-2.698	-0.587	1.732
A	-0.563	-0.044	-0.233	0.881
A	0.186	0.403	-0.372	0.518
G	0.341	-0.397	-0.270	0.140
U	-0.032	-0.439	-0.378	0.170
C	0.389	-0.091	-0.347	0.169
C	0.482	-0.383	-0.374	0.262
G	-2.306	0.127	1.771	-1.346
G	0.273	-0.420	-0.259	0.145
C	0.373	-0.146	-0.176	0.050
U	-0.812	-0.280	0.337	-0.050
C	-1.276	-0.117	1.066	-0.728
A	0.384	-0.226	-0.401	0.364
G	0.214	-0.355	-0.339	0.099
A	0.150	1.758	-0.820	-1.259
G	0.331	-0.199	-0.322	0.001
G	-1.048	-0.086	0.754	-0.747
G	-0.359	-0.321	-0.354	0.013
G	0.314	-0.142	-0.339	0.001
C	0.542	0.058	-0.063	-0.001
G	0.311	-0.312	-0.266	0.098
C	0.208	0.043	0.022	0.264
A	-0.052	1.140	-0.017	1.933
G	0.375	-0.312	-0.304	0.097
C	4.394	2.303	14.379	1.992
G	0.073	0.333	-0.184	-0.393
U	-0.007	-0.121	-0.418	-0.098
G	0.106	1.346	-0.656	-1.057
G	0.318	-0.030	-0.487	-0.076
C	0.230	1.099	-0.669	-0.683
C	0.415	-0.339	-0.347	0.164
U	-0.208	-0.060	-0.088	-0.267
G	-0.614	0.276	0.429	-0.746
G	-0.831	0.513	0.489	-1.006
G	0.439	-0.201	-0.410	0.061
G	0.394	-0.066	-0.393	-0.024
U	0.428	-0.214	-0.456	0.068
C	0.461	-0.072	-0.368	0.026
G	0.254	0.059	-0.271	-0.194
C	0.349	0.298	-0.055	-0.209
U	0.315	-0.379	-0.346	0.163
A	0.324	-0.375	-0.395	0.239
U	0.379	-0.415	-0.371	0.264
C	0.480	-0.183	-0.236	0.089
U	-0.169	-0.263	-0.468	-0.006
U	-1.039	2.586	-0.484	-2.256
C	0.442	-0.083	-0.321	0.006
C	0.438	-0.150	-0.438	0.040
C	0.500	-0.390	-0.270	0.205
A	0.431	-0.283	-0.385	0.194
U	-1.273	0.053	0.509	-0.237
C	0.560	-0.222	2.292	0.218
C	0.261	-0.149	-0.301	0.097
G	-1.510	0.149	1.065	-1.112
G	0.395	-0.230	-0.335	0.052
A	0.570	-0.205	-0.119	0.153
A	0.481	-0.161	-0.059	0.176
C	0.692	-0.347	0.262	0.314
A	0.096	-0.093	1.167	0.970
U	-0.507	-0.747	-0.281	0.460
C	1.134	0.178	1.988	0.466
U	-0.070	0.043	-0.444	0.822
G	0.451	-0.135	-0.003	0.092
C	0.443	-0.144	-0.305	0.349
C	0.469	-0.259	-0.442	0.105
C	0.450	-0.189	-0.392	0.053
U	0.161	-0.386	-0.317	0.200
G	0.331	-0.364	-0.365	0.138
C	0.442	-0.190	-0.021	0.155
U	0.205	-0.371	-0.322	0.109
G	-0.060	-0.090	1.055	-0.102
G	-0.115	-0.060	0.290	-0.294
G	-1.571	0.124	1.123	-1.133
G	0.314	-0.257	-0.273	0.067
G	-0.011	-0.389	0.049	0.073
A	0.169	-0.426	-0.304	0.252
C	0.563	0.263	0.160	-0.070
A	0.350	-0.039	-0.236	0.081
C	0.862	0.655	2.232	-0.141
U	-1.061	-0.770	-0.438	0.201
A	-0.718	-0.812	0.252	0.659
C	0.310	0.273	-0.209	-0.293
G	-5.327	1.344	3.704	-3.713
G	0.172	1.383	-0.695	-1.040
G	-0.096	-0.364	-0.375	0.110
C	0.311	0.578	-0.556	-0.345
C	0.490	-0.182	-0.358	0.071
U	-2.336	-1.377	-0.244	0.400
U	-2.410	-0.952	0.265	0.058
C	0.483	0.082	2.883	0.211
C	0.578	-0.415	0.090	0.326
C	0.526	-0.080	1.035	0.128
U	-2.918	-1.685	-0.469	0.597
U	-0.774	-0.258	0.145	-0.048
G	0.123	0.463	-0.469	-0.436
C	0.347	0.028	-0.382	-0.020
C	0.377	-0.396	-0.298	0.182
U	-0.036	-0.266	-0.163	-0.001
G	-0.867	-0.380	0.541	-0.417
A	0.430	-0.210	-0.371	0.418
G	-1.745	-0.300	1.398	-0.957
G	-0.158	-0.319	0.113	-0.128
G	0.343	-0.163	-0.190	0.047
U	-0.083	-0.219	-0.210	0.450
A	-4.435	10.231	-0.732	14.338
G	-0.017	-0.243	-0.046	-0.131
G	0.310	-0.222	-0.286	0.017
G	0.362	0.308	0.031	-0.221
U	-0.283	-0.037	-0.071	0.282
C	1.537	1.300	4.218	0.303
U	-5.992	-2.693	-0.712	0.746
C	0.168	1.813	-0.733	-1.289
A	-0.043	-0.331	-0.395	0.134
A	0.185	0.205	-0.448	-0.054
G	0.410	-0.160	-0.389	0.035
G	0.294	0.714	-0.607	-0.581
U	0.392	-0.147	-0.463	0.033
C	0.285	1.618	-0.417	-1.072
A	3.910	1.279	10.738	1.417
C	1.174	-0.245	1.698	0.549
U	-3.564	-1.640	-0.541	1.268
U	-1.272	-1.066	-0.478	0.883
G	-0.372	-0.823	-0.350	0.350
C	0.419	0.509	0.215	0.629
C	0.645	0.714	0.524	-0.121
C	0.754	-0.409	0.383	0.407
C	0.551	-0.339	-0.172	0.241
C	0.212	0.470	0.458	1.144
A	-0.537	2.181	-0.029	3.216
G	0.446	-0.318	0.461	0.164
C	0.410	1.145	1.099	1.370
U	-0.718	-0.664	-0.452	0.493
U	0.120	-0.449	-0.355	0.286
G	0.359	0.266	-0.520	-0.267
A	0.441	-0.212	-0.276	0.185
C	0.498	-0.412	-0.365	0.286
C	0.373	-0.109	-0.363	0.152
U	-0.456	-0.316	-0.037	-0.018
G	-0.129	-0.173	-0.007	-0.224
G	0.444	-0.392	-0.370	0.187
C	0.346	0.386	-0.506	-0.277
C	0.341	-0.350	-0.282	0.117
G	-2.222	-0.140	1.672	-1.285
G	0.317	-0.206	-0.385	0.015
A	0.467	-0.259	-0.376	0.254
G	0.414	-0.080	-0.440	-0.033
U	-0.042	-0.291	-0.071	-0.054
G	0.325	-0.387	-0.229	0.114
G	0.376	-0.371	-0.262	0.136
C	0.480	0.296	-0.071	-0.196
U	0.176	0.406	-0.432	-0.425
A	0.136	0.276	-0.299	0.545
U	-0.573	-0.673	-0.385	0.642
A	0.163	0.650	-0.475	0.600
G	0.446	-0.114	-0.441	0.005
A	0.375	0.369	-0.549	-0.328
G	0.370	-0.258	-0.364	0.062
G	0.398	0.270	-0.508	-0.255
A	0.356	0.584	-0.520	-0.412
C	0.417	0.095	-0.383	-0.136
U	0.014	-0.344	-0.097	-0.031
U	-2.539	-1.362	-0.551	0.483
U	-1.600	-0.795	-0.500	0.944
G	0.314	-0.019	-0.380	-0.113
U	0.105	-0.271	-0.358	0.104
C	0.432	-0.045	-0.371	0.031
C	0.415	0.069	-0.503	-0.106
C	0.438	-0.243	-0.265	0.085
U	-0.110	-0.249	-0.415	0.067
G	-0.163	-0.381	0.247	-0.127
C	-1.845	-0.076	2.093	-1.066
A	0.350	-0.083	-0.268	0.845
G	0.440	-0.388	-0.410	0.181
A	0.436	0.021	-0.407	-0.056
C	0.510	-0.093	0.026	0.115
U	0.317	-0.246	-0.371	0.040
G	0.103	-0.356	-0.047	-0.007
C	0.320	-0.344	0.262	0.139
A	0.525	-0.128	-0.123	0.307
G	0.432	-0.450	-0.309	0.205
C	0.454	-0.127	-0.216	0.080
A	0.452	-0.052	-0.293	0.272
G	0.122	-0.394	-0.063	0.019
C	0.135	0.182	0.323	-0.048
A	0.503	-0.413	-0.339	0.312
G	0.520	-0.355	-0.109	0.200
A	0.429	-0.044	-0.466	0.027
G	0.431	-0.096	-0.464	-0.008
A	0.351	0.572	-0.565	-0.465
U	0.002	-0.045	-0.538	-0.107
G	0.457	-0.289	-0.439	0.123
A	0.442	-0.275	-0.394	0.189
C	0.491	-0.329	-0.310	0.162
A	0.026	0.028	-0.315	-0.075
C	0.832	-0.057	1.005	0.254
U	0.255	-0.158	-0.380	0.363
G	0.455	-0.307	-0.334	0.136
U	-0.138	0.091	-0.446	0.151
C	0.282	0.263	-0.009	0.496
U	-2.215	-0.555	1.173	-0.721
C	0.305	0.059	0.328	-0.057
U	-0.284	0.232	-0.043	-0.421
G	-0.866	-0.222	0.607	-0.524
A	0.400	-0.167	-0.403	0.376
G	0.416	-0.232	-0.411	0.074
U	0.306	-0.127	-0.400	0.347
G	0.211	-0.345	0.097	0.066
C	-2.606	0.074	2.341	-1.486
A	0.417	-0.280	-0.368	0.489
G	0.420	-0.250	-0.320	0.078
A	0.480	-0.263	-0.394	0.151
G	0.511	-0.408	-0.358	0.219
A	0.380	0.095	-0.489	-0.001
U	0.171	0.637	-0.599	-0.496
G	-0.066	-0.455	0.028	-0.006
G	0.157	-0.117	-0.257	-0.111
G	-0.198	-0.173	0.064	-0.263
G	0.263	-0.189	-0.332	-0.022
G	0.252	-0.309	-0.384	0.089
C	0.252	0.142	-0.187	-0.017
A	0.380	-0.084	-0.400	0.302
G	0.364	-0.339	-0.320	0.109
G	0.078	0.696	-0.417	-0.663
G	0.186	0.338	-0.377	-0.389
A	0.415	0.051	-0.445	0.038
G	0.350	-0.097	-0.339	-0.052
C	0.111	2.028	-0.606	-1.341
U	0.183	0.285	-0.388	-0.243
G	-1.411	0.359	0.980	-1.175
G	-0.228	1.100	-0.283	-1.062
G	-0.248	1.884	-0.436	-1.547
A	0.369	0.189	-0.486	0.049
G	0.134	1.536	-0.708	-1.166
A	0.281	0.828	-0.636	-0.614
G	0.331	-0.277	-0.297	0.049
G	0.249	0.057	-0.350	-0.198
G	0.248	1.229	-0.312	-0.869
U	0.034	0.262	-0.448	0.869
U	-0.869	0.540	-0.509	-0.715
C	0.435	-0.216	-0.305	0.119
A	-0.054	2.067	-0.762	-1.471
A	0.391	-0.166	-0.368	0.311
G	0.393	-0.060	-0.446	-0.049
C	0.359	0.230	-0.479	-0.231
U	0.341	-0.274	-0.370	0.137
A	0.024	0.123	-0.433	-0.174
C	0.538	3.470	1.387	-2.061
U	0.369	-0.230	-0.402	0.067
G	0.527	-0.205	0.272	0.131
G	0.474	-0.275	-0.385	0.125
A	0.724	-0.142	0.440	0.382
A	0.374	-0.047	-0.364	0.270
C	0.788	0.366	0.827	0.177
A	0.531	0.509	0.703	1.255
G	0.371	-0.461	-0.338	0.212
C	0.363	0.228	0.463	0.696
U	-1.062	-0.917	-0.205	0.314
U	-5.211	-2.746	-0.033	0.719
C	-0.355	0.397	0.097	-0.610
A	0.344	-0.172	-0.423	0.566
G	0.356	0.086	-0.479	-0.145
A	0.239	0.689	-0.624	-0.474
A	0.438	-0.201	-0.411	0.086
C	0.466	-0.268	-0.344	0.339
A	0.408	-0.375	-0.188	0.268
A	0.564	0.033	-0.022	0.015
C	1.011	-0.247	1.293	0.433
U	0.056	-0.348	-0.139	0.199
A	0.144	0.329	-0.008	1.234
G	0.144	-0.470	-0.105	0.095
G	0.172	0.191	-0.289	-0.311
G	0.360	0.091	-0.288	-0.120
U	0.235	-0.366	-0.417	0.166
A	0.350	-0.319	-0.318	0.167
C	0.445	-0.321	0.004	0.389
U	-0.411	-0.106	0.134	0.107
A	0.241	0.064	-0.325	0.803
G	-0.285	-0.402	-0.005	0.163
G	0.282	0.501	-0.532	-0.449
A	0.398	0.173	-0.440	-0.181
A	0.309	0.841	-0.616	-0.651
C	0.379	0.691	-0.352	-0.496
U	0.388	-0.220	-0.390	0.078
G	0.239	-0.359	-0.143	0.068
C	0.493	-0.216	0.082	0.164
U	0.074	0.367	-0.389	-0.359
G	0.201	-0.177	-0.258	-0.059
U	0.072	-0.442	-0.440	0.235
G	0.117	1.541	-0.741	-1.173
U	-0.796	-0.725	-0.439	0.330
C	0.453	-0.332	-0.382	0.233
A	-0.268	-0.624	-0.416	0.329
G	0.047	-0.445	-0.095	0.036
G	0.365	-0.113	-0.305	-0.027
G	0.150	0.255	-0.448	-0.320
A	0.483	-0.322	-0.419	0.151
G	0.387	-0.138	-0.385	-0.009
A	0.362	0.035	-0.477	0.197
A	0.372	0.017	-0.426	0.361
G	0.126	-0.167	-0.152	-0.120
G	0.264	-0.237	-0.257	-0.003
G	-0.132	0.423	-0.184	-0.573
G	-1.020	-0.768	0.145	0.082
C	-0.034	0.253	0.473	-0.342
U	0.045	0.014	-0.378	-0.148
C	0.539	0.423	0.356	-0.121
A	0.038	0.641	0.298	0.660
A	0.504	0.059	0.274	0.480
G	0.645	-0.224	0.713	0.231
G	0.477	-0.213	-0.347	0.083
A	0.350	0.654	-0.454	-0.412
C	0.309	0.635	-0.184	-0.418
U	-0.082	-0.390	-0.136	-0.019
C	0.557	1.151	0.557	-0.600
G	-2.606	0.053	3.793	-1.461
C	0.199	-0.027	1.173	-0.010
A	0.453	-0.218	-0.378	0.281
G	0.336	0.419	-0.533	-0.379
G	0.422	-0.011	-0.454	-0.071
C	0.457	-0.196	-0.453	0.078
C	0.500	-0.325	-0.331	0.183
U	-0.630	-0.302	0.360	-0.355
G	-0.729	-0.241	0.831	-0.485
G	-0.332	0.107	0.115	-0.507
G	-0.528	0.333	0.140	-0.732
A	0.415	-0.067	-0.437	0.100
G	0.298	-0.502	-0.213	0.170
G	0.280	0.386	-0.509	-0.380
A	0.292	0.149	-0.447	0.611
G	-0.035	-0.436	0.048	-0.033
G	-0.742	0.860	0.130	-1.150
G	-0.031	0.048	-0.446	-0.216
G	-3.703	-2.447	-0.471	1.016
C	0.444	0.246	-0.247	-0.117
C	0.255	0.574	-0.199	-0.467
U	-3.481	-0.199	1.768	-1.448
A	0.164	0.310	-0.434	0.996
G	0.480	-0.354	-0.407	0.169
G	0.174	1.498	-0.759	-1.117
C	0.321	0.722	-0.603	-0.553
C	0.431	-0.064	-0.473	-0.035
A	-0.057	3.068	-0.974	-1.958
G	0.328	-0.306	-0.131	0.090
C	0.133	1.151	-0.457	-0.868
C	-0.039	-0.327	0.146	-0.079
A	-0.484	-0.260	-0.174	0.339
U	-0.500	-0.355	-0.339	0.407
G	-3.846	0.319	2.731	-2.316
G	0.134	0.681	-0.549	-0.604
G	0.138	1.034	-0.557	-0.841
A	0.490	-0.332	-0.256	0.273
G	0.243	0.255	-0.139	-0.242
U	0.276	-0.361	-0.416	0.166
U	-0.227	2.222	-0.796	-1.607
G	-0.649	-0.283	0.860	-0.314
G	0.353	-0.251	0.597	0.192
G	0.059	-0.144	-0.132	-0.021
U	-0.336	-0.549	-0.361	0.241
C	0.505	0.215	-0.166	-0.137
A	0.646	1.837	1.283	-0.864
C	0.417	-0.164	-0.221	0.197
C	0.357	-0.316	-0.055	0.223
U	-0.679	2.000	-0.302	-1.571
G	-0.382	0.635	-0.069	-0.853
U	0.017	-0.348	-0.441	0.318
G	0.007	0.154	-0.559	-0.238
U	-0.758	0.350	-0.501	-0.248
C	0.686	0.050	0.475	0.321
U	0.130	-0.076	-0.384	0.227
G	0.106	-0.116	-0.168	-0.155
A	0.390	-0.162	-0.419	0.108
G	0.197	-0.499	0.122	0.200
G	0.316	-0.165	-0.451	0.021
A	0.498	-0.346	-0.124	0.252
C	0.495	-0.098	0.036	0.035
U	-0.351	-0.586	-0.256	0.117
U	0.026	-0.226	-0.365	0.171
G	0.266	-0.214	-0.235	-0.021
G	0.353	-0.195	-0.344	0.022
U	0.095	-0.506	-0.423	0.225
G	0.350	0.210	-0.512	-0.231
C	0.551	-0.181	-0.069	0.149
U	0.242	0.447	-0.549	-0.344
G	0.398	-0.168	-0.430	0.020
U	-2.071	-1.510	-0.455	0.592
C	1.538	0.089	2.864	0.554
U	0.067	0.053	-0.253	-0.117
G	-0.682	-0.160	0.480	-0.509
G	0.319	0.129	-0.476	-0.196
A	0.282	0.848	-0.628	-0.625
U	0.228	-0.464	-0.375	0.202
U	-1.467	-1.298	-0.449	0.533
U	-2.541	-1.517	-0.422	0.549
U	-6.580	-3.702	-0.678	1.713
G	0.367	0.005	-0.101	-0.085
C	0.506	-0.313	-0.239	0.201
C	0.495	-0.225	-0.160	0.144
A	0.555	-0.419	0.119	0.329
A	2.506	1.190	6.907	1.356
C	1.233	-0.118	2.217	0.556
C	-1.142	1.131	0.984	1.590
U	-9.810	-0.594	3.605	-0.107
A	-1.068	-0.476	-0.350	1.058
G	-4.070	-0.107	3.050	-2.170
G	0.135	0.005	-0.244	-0.216
G	0.207	-0.410	-0.277	0.139
C	0.358	0.117	-0.082	-0.131
U	0.153	-0.270	-0.189	0.088
G	0.170	-0.236	0.066	-0.042
G	-0.115	0.283	-0.070	-0.515
G	0.369	-0.307	-0.354	0.110
G	0.217	-0.135	-0.220	0.005
U	0.196	-0.287	-0.457	0.133
C	0.521	0.012	-0.036	-0.020
A	0.243	1.318	-0.529	-0.658
G	0.284	0.689	-0.593	-0.564
C	0.472	0.201	-0.052	0.181
U	0.073	-0.025	-0.393	-0.124
G	0.122	0.597	-0.447	-0.588
A	0.375	-0.014	-0.456	0.128
U	-1.394	2.830	-1.224	-2.229
G	0.435	-0.228	-0.426	0.075
C	0.475	-0.176	-0.375	0.059
C	0.445	-0.097	-0.461	0.011
C	0.186	1.920	-0.684	-1.371
A	0.935	0.415	1.573	0.079
C	0.604	-0.181	0.188	0.204
C	0.415	0.093	-0.291	0.189
A	0.225	0.396	-0.423	-0.006
C	0.574	-0.138	-0.089	0.115
G	0.297	-0.019	-0.374	-0.095
A	0.541	-0.346	-0.022	0.310
C	-0.173	-0.085	0.149	-0.295
U	-2.107	-0.794	0.525	-0.320
C	0.219	-0.263	-0.117	0.024
C	0.435	-0.376	-0.321	0.199
C	0.466	0.240	0.811	0.011
G	-2.880	0.104	3.154	-1.699
A	0.296	0.157	-0.251	0.901
G	0.410	-0.316	-0.378	0.117
C	0.040	0.868	-0.519	0.912
C	0.069	-0.335	-0.025	-0.005
U	-2.593	-0.850	1.041	-0.601
C	0.462	-0.197	-0.330	0.067
C	0.295	-0.294	-0.206	0.081
A	0.397	-0.359	-0.341	0.371
G	0.449	-0.303	-0.199	0.135
G	0.392	0.028	-0.486	-0.105
A	0.437	0.232	-0.385	-0.171
A	0.451	-0.332	-0.409	0.173
C	0.480	0.114	-0.279	-0.111
U	0.444	-0.317	-0.436	0.140
G	0.487	-0.423	-0.405	0.214
A	0.472	-0.264	-0.416	0.147
A	0.423	-0.016	-0.455	-0.042
A	0.544	-0.106	0.082	0.137
C	0.420	-0.033	0.153	-0.002
C	0.482	-0.409	-0.327	0.223
C	0.857	0.626	1.688	-0.051
U	-0.202	-0.246	-0.161	0.227
G	0.348	-0.342	-0.369	0.120
U	0.054	-0.187	-0.380	0.114
C	0.993	0.097	1.485	0.353
U	0.075	0.171	-0.388	0.046
G	0.387	-0.141	-0.171	0.012
C	0.374	0.075	-0.027	0.319
C	0.912	0.141	2.900	0.255
C	0.839	-0.018	4.757	0.337
C	0.642	-0.259	1.761	0.378
C	-3.514	0.862	3.449	-1.776
A	0.219	-0.214	-0.400	0.706
G	0.034	-0.388	-0.100	-0.012
G	0.180	0.169	-0.272	-0.299
G	0.551	-0.368	0.321	0.284
U	-0.095	-0.216	-0.349	-0.070
C	2.040	0.431	4.912	0.710
U	-0.202	-0.285	-0.094	-0.117
G	0.606	0.511	6.475	-0.015
G	-1.833	3.430	0.538	-3.279
G	0.069	2.572e-004	-0.019	-0.195
G	0.435	-0.481	-0.347	0.231
A	0.392	-0.163	-0.433	0.071
A	0.116	1.886	-0.838	-1.259
G	0.417	-0.170	-0.446	0.036
G	0.332	0.335	-0.520	-0.323
A	0.356	0.196	-0.500	-0.194
G	0.491	-0.406	-0.269	0.210
G	0.451	-0.191	-0.420	0.054
C	-0.025	3.053	-0.941	-2.175
U	0.165	1.390	-0.750	-1.013
G	0.152	1.293	-0.661	-1.007
C	0.445	-0.152	-0.140	0.075
U	0.155	0.101	-0.336	-0.223
G	0.130	0.154	-0.299	-0.317
A	0.343	0.432	-0.563	-0.252
G	0.300	0.516	-0.566	-0.450
U	0.145	-0.276	-0.209	-0.032
A	0.302	0.413	-0.510	0.116
G	0.227	1.232	-0.703	-0.927
A	0.390	0.130	-0.407	-0.114
A	0.447	-0.511	-0.382	0.274
C	0.454	-0.015	-0.391	-0.050
C	0.452	-0.215	-0.414	0.088
A	0.422	-0.471	-0.378	0.281
A	0.427	0.180	4.344e-004	-0.091
C	1.386	0.029	2.507	0.500
C	0.478	-0.141	-0.343	0.060
C	0.476	-0.371	-0.413	0.196
C	0.337	-0.234	-0.304	0.120
A	0.170	0.301	-0.461	0.907
G	0.401	-0.008	-0.468	-0.077
G	0.413	-0.076	-0.440	-0.036
U	-0.086	-0.138	-0.458	0.025
U	-0.764	-1.136	-0.442	0.529
A	0.487	-0.046	-0.273	0.015
C	0.533	-0.521	-0.296	0.300
C	0.381	0.287	-0.515	-0.256
A	0.445	-0.404	-0.398	0.220
A	0.922	-0.124	1.635	0.453
C	1.632	0.372	3.337	0.446
C	0.404	0.042	-0.227	-0.105
C	0.549	0.138	-0.067	-0.083
C	0.409	-0.189	0.420	0.059
A	0.863	0.249	2.834	0.442
C	0.574	-0.275	0.126	0.314
C	0.435	0.165	-0.261	-0.127
U	-1.589	-0.891	0.360	-0.071
C	0.417	-0.341	0.127	0.235
A	0.514	0.101	1.043	0.978
G	0.219	0.045	0.519	-0.152
C	0.496	0.436	1.112	-0.046
C	0.656	-0.326	0.743	0.280
A	0.699	-0.354	0.957	0.461
C	0.790	-0.207	1.001	0.304
C	0.442	-0.131	-0.236	0.056
C	0.502	-0.411	-0.153	0.223
C	1.078	-0.054	2.495	0.409
U	-2.913	-1.710	-0.449	0.592
U	-0.470	-0.330	-0.298	0.166
G	0.463	-0.362	-0.236	0.177
C	0.459	0.147	-0.234	-0.122
C	0.456	-0.445	-0.358	0.213
A	0.431	-0.103	-0.189	0.577
G	0.492	-0.408	-0.299	0.211
C	0.436	0.093	-0.333	0.045
C	0.460	-0.366	-0.345	0.186
A	0.234	-0.406	-0.357	0.394
A	0.279	-0.322	-0.367	0.206
A	0.481	-0.261	-0.263	0.416
G	0.425	-0.380	-0.403	0.176
C	0.417	0.297	-0.352	-0.126
A	0.441	-0.290	-0.348	0.223
A	0.754	-0.198	0.581	0.304
A	0.580	-0.305	0.303	0.359
C	0.382	0.650	-0.249	-0.374
A	0.501	-0.148	-0.104	0.320
G	0.421	-0.275	-0.355	0.092
G	0.399	-0.142	-0.424	0.004
C	0.373	0.316	-0.509	-0.170
C	0.401	-0.354	-0.091	0.138
C	0.294	-0.140	0.829	0.106
G	-5.303	-0.010	4.592	-2.864
G	-1.407	-1.288	-0.450	0.518
C	0.437	-0.019	-0.426	-0.022
C	0.489	-0.341	-0.376	0.167
C	0.521	-0.234	0.021	0.149
G	-5.893	0.100	4.652	-3.234
G	-0.520	-0.863	-0.469	0.367
C	0.220	1.164	-0.646	-0.894
A	0.037	-0.547	-0.072	0.354
C	0.480	-0.105	1.044	0.083
U	-0.179	-0.084	-0.012	-0.199
G	-0.471	0.276	2.929	-0.584
G	-1.432	0.914	1.536	-1.500
G	-0.903	0.723	0.355	-1.175
G	0.124	0.553	-0.013	-0.540
G	0.193	-0.225	1.450	0.336
U	-2.065	-0.963	-0.560	1.165
U	-1.689	1.602	-0.034	-1.756
C	0.146	-0.122	0.286	-0.104
C	0.218	0.774	0.762	-0.282
U	-4.902	-1.330	0.990	-0.585
U	-9.905	-2.854	2.153	-0.879
C	-0.685	0.711	0.740	-0.715
U	-1.504	-0.646	-0.062	0.488
C	0.280	1.749	-0.343	-1.099
G	0.037	1.067	-0.675	-0.854
A	0.372	0.195	-0.433	0.046
A	0.332	-0.385	-0.316	0.277
C	0.547	-0.294	-0.182	0.193
C	-1.395	-0.024	1.012	-0.899
A	0.406	-0.372	-0.400	0.403
G	0.316	-0.327	-0.269	0.072
G	0.259	-0.290	-0.280	0.032
A	0.445	-0.179	-0.412	0.211
G	0.372	-0.169	-0.456	0.025
U	0.329	-0.337	-0.425	0.311
U	-1.267	-1.117	-0.265	0.334
C	0.452	-0.182	-0.325	0.053
A	0.410	0.103	-0.195	0.351
G	0.404	-0.206	-0.410	0.052
C	0.483	-0.216	-0.314	0.126
C	0.482	-0.276	-0.238	0.128
U	-0.222	0.648	-0.587	-0.640
C	0.466	-0.266	-0.305	0.111
C	0.498	-0.445	-0.407	0.233
C	0.294	0.862	-0.654	-0.672
C	0.477	-0.332	-0.411	0.153
U	-0.021	-0.345	-0.197	5.474e-006
G	0.365	-0.051	-0.455	-0.064
A	0.358	-0.180	-0.409	0.252
C	0.392	0.190	-0.454	-0.135
C	0.341	-0.387	-0.204	0.178
C	0.558	-0.322	0.093	0.206
G	-4.303	-0.223	3.666	-2.023
C	-2.394	0.595	8.278	-1.446
A	0.428	-0.158	-0.181	0.680
G	0.440	-0.270	-0.415	0.097
A	0.408	0.005	-0.480	-0.028
A	0.422	0.020	-0.480	-0.035
U	0.418	-0.355	-0.420	0.228
C	0.581	0.096	0.143	-0.016
U	-0.335	-0.841	-0.336	0.390
U	-0.263	-0.486	-0.289	0.560
C	0.770	-0.134	0.749	0.406
U	0.111	0.263	-0.461	-0.287
G	0.286	0.140	-0.422	-0.225
A	0.422	-0.290	-0.417	0.190
U	-0.174	-0.204	-0.166	-0.090
C	0.514	-0.447	-0.238	0.266
C	0.457	-0.262	-0.433	0.136
C	0.496	-0.327	-0.248	0.202
A	0.736	-0.245	1.127	0.440
C	0.593	-0.333	0.082	0.302
C	0.618	-0.363	0.058	0.260
C	1.657	0.228	3.520	0.570
G	0.043	-0.443	0.475	0.114
C	0.665	0.158	2.250	0.076
U	-0.837	-0.753	-0.027	0.133
C	0.390	0.015	-0.329	-0.063
C	0.339	-0.197	-0.358	0.039
A	0.320	-0.518	-0.417	0.292
G	0.420	-0.287	-0.394	0.097
G	0.183	-0.219	-0.182	-0.060
A	0.375	0.027	-0.454	0.095
G	0.419	-0.359	-0.334	0.162
C	0.470	-0.084	-0.374	0.038
C	0.417	-0.287	-0.392	0.114
A	0.370	-0.177	-0.319	0.642
G	0.446	-0.395	-0.215	0.188
G	0.371	-0.071	-0.422	-0.060
A	0.137	-0.015	-0.411	-0.003
A	0.287	-0.167	-0.378	0.155
U	-0.256	1.900	-0.872	-1.405
G	-0.172	0.071	-0.095	-0.384
A	0.258	0.168	-0.448	0.781
G	0.345	0.408	-0.553	-0.361
U	0.318	-0.376	-0.365	0.204
C	0.442	-0.243	-0.390	0.132
C	0.388	0.260	-0.540	-0.256
C	0.245	0.969	-0.648	-0.745
A	0.134	0.696	-0.533	0.407
G	0.446	-0.399	-0.397	0.191
U	0.376	-0.230	-0.438	0.081
C	0.303	0.443	0.361	-0.327
U	-1.160	-0.501	0.301	-0.290
C	0.618	0.169	0.690	-0.042
U	-1.917	-0.710	0.701	-0.448
C	0.165	-0.240	0.882	-0.004
C	0.361	-0.418	-0.197	0.188
C	0.284	-0.037	-0.343	0.443
A	0.357	0.002	-0.451	0.229
G	0.408	-0.012	-0.470	-0.078
U	0.166	0.115	-0.327	0.015
U	-1.722	-0.548	0.834	-0.437
C	0.467	-0.231	0.602	0.120
U	-1.776	-1.369	-0.155	0.466
C	0.497	-0.349	-0.327	0.177
A	0.336	-0.299	-0.154	0.231
C	0.573	-0.041	0.548	0.260
U	-0.029	-0.324	-0.104	0.056
G	-0.037	-0.204	0.027	-0.157
U	0.227	-0.503	-0.361	0.242
G	0.086	0.763	-0.504	-0.690
U	0.278	-0.485	-0.346	0.269
G	0.409	0.091	-0.295	-0.134
G	0.419	-0.280	-0.329	0.107
U	0.035	-0.128	-0.432	0.706
U	-0.369	-0.282	-0.543	0.015
U	-2.997	-2.074	-0.603	0.828
U	-0.091	-0.616	-0.338	0.375
G	0.444	-0.546	-0.353	0.293
C	0.453	-0.181	-0.414	0.104
C	0.435	-0.307	-0.386	0.118
A	0.390	-0.034	-0.429	-0.047
U	0.212	-0.620	-0.400	0.319
U	-0.008	0.179	-0.288	-0.366
C	0.525	0.080	-0.183	-0.064
G	0.517	-0.339	-0.212	0.234
U	0.052	-0.646	-0.290	0.252
C	0.590	-0.170	0.359	0.175
U	-0.891	-0.869	-0.253	0.236
U	-0.101	0.046	-0.438	-0.039
G	0.144	-0.365	-0.013	0.027
C	0.887	-0.143	1.526	0.387
U	-0.574	-0.719	-0.431	0.237
G	-0.601	-0.043	0.374	-0.535
C	1.475	0.051	3.561	0.766
U	0.296	-0.219	-0.396	0.096
G	0.462	-0.321	-0.284	0.162
A	0.387	-0.222	-0.402	0.247
A	-0.212	-0.862	0.863	0.649
C	2.180	0.210	4.910	0.915
C	1.811	0.153	3.848	0.723
A	0.408	0.034	-0.186	0.019
C	0.347	-0.218	-0.297	0.235
G	-2.131	-0.329	1.547	-1.083
G	0.396	-0.229	-0.408	0.055
G	0.448	0.197	-0.239	-0.177
U	0.189	0.093	-0.405	0.945
U	-0.593	-0.292	-0.569	0.041
U	-0.181	-0.620	-0.260	0.176
C	0.921	-0.016	1.247	0.245
U	-2.558	-0.366	1.589	-1.153
C	0.291	-0.061	-0.102	-0.097
C	0.056	-0.366	-0.007	-0.030
U	-0.467	-0.237	-0.035	-0.243
C	1.342	0.045	2.416	0.536
U	-0.225	3.860	-1.224	-2.725
G	0.250	0.185	-0.411	-0.259
A	0.494	-0.399	-0.381	0.256
A	0.437	-0.021	-0.425	-0.050
A	0.520	-0.348	-0.215	0.222
C	0.521	-0.329	-0.300	0.195
A	0.396	-0.456	-0.257	0.254
U	-0.658	-0.758	-0.160	0.166
C	0.834	-0.238	1.513	0.343
U	-1.387	-0.225	0.953	-0.745
G	-2.161	-0.115	2.797	-1.221
G	-0.761	-0.299	0.639	-0.461
G	0.259	-0.185	-0.147	-0.039
A	0.280	0.231	-0.490	-0.041
U	-0.332	-0.616	-0.401	0.407
U	-2.711	-1.865	-0.492	0.706
U	-1.727	-1.357	-0.429	0.552
A	-0.342	-0.348	-0.438	0.332
U	-0.688	-0.848	-0.457	0.441
A	0.407	0.083	-0.399	-0.116
A	0.455	-0.135	-0.355	0.136
C	0.407	0.616	-0.279	-0.400
A	0.420	0.133	-0.361	0.091
G	0.404	-0.273	-0.400	0.086
G	0.293	0.495	-0.510	-0.446
G	0.182	-0.595	0.010	0.333
C	0.688	-0.037	0.610	0.188
U	-0.770	-0.586	-0.045	0.008
U	-1.729	-0.650	0.170	0.205
A	-1.276	1.378	-0.191	3.566
G	-0.420	-0.599	0.089	0.055
G	0.297	0.043	-0.414	-0.161
A	0.353	0.112	-0.444	0.236
A	0.338	0.307	-0.536	-0.193
A	0.106	1.104	-0.621	0.171
G	0.265	1.050	-0.637	-0.802
U	0.328	-0.049	-0.472	-0.015
G	0.421	-0.040	-0.472	-0.055
A	0.486	-0.278	-0.223	0.235
C	0.390	0.108	-0.441	-0.159
A	0.266	0.278	-0.478	0.370
G	0.039	1.892	-0.746	-1.432
C	0.538	-0.084	-0.062	0.081
G	0.338	-0.391	-0.257	0.129
U	-1.091	-0.595	-0.365	0.185
C	2.402	0.659	6.041	0.876
U	-0.120	0.361	-0.261	-0.353
G	0.044	-0.123	-0.105	-0.133
A	0.316	-0.085	-0.426	0.457
G	0.043	0.244	-0.219	-0.408
C	0.442	-0.143	0.137	0.091
G	0.303	-0.326	0.077	0.094
U	-0.587	-0.172	-0.334	-0.078
U	0.033	-0.423	-0.420	0.248
C	0.678	-0.409	0.264	0.361
A	0.912	-0.041	1.731	0.460
C	0.867	0.021	1.114	0.347
U	0.060	-0.342	-0.117	-2.578e-004
G	-0.328	0.060	0.084	-0.431
U	0.278	-0.351	-0.330	0.093
G	0.198	-0.144	-0.270	-0.064
G	0.339	-0.387	-0.362	0.159
C	0.457	-0.171	-0.448	0.061
C	0.329	-0.228	-0.302	0.086
U	0.292	-0.241	-0.368	0.129
G	0.389	-0.273	-0.360	0.074
U	-0.486	-0.422	0.034	-0.072
C	0.360	-0.235	-0.310	0.072
C	0.497	-0.413	-0.403	0.213
A	0.380	0.142	-0.501	-0.158
U	0.102	-0.510	-0.409	0.239
U	-0.046	-0.208	-0.413	-0.010
G	-0.022	1.091	-0.474	-0.958
C	0.347	-0.291	0.007	0.092
U	0.304	-0.376	-0.362	0.163
A	0.278	0.026	-0.420	0.897
G	0.412	0.035	-0.449	-0.104
C	0.481	-0.007	-0.297	0.044
C	0.489	-0.389	-0.391	0.195
C	0.484	-0.378	-0.377	0.186
U	0.180	-0.486	-0.419	0.206
A	0.443	-0.496	-0.268	0.299
A	3.256	1.153	8.472	1.202
C	0.916	-0.123	1.247	0.359
A	0.577	0.164	1.660	1.064
U	-1.396	0.996	-0.187	2.586
A	0.235	-0.057	-0.358	0.545
G	0.316	-0.273	-0.269	0.063
G	-0.179	2.926	-0.972	-2.138
A	0.182	0.579	0.094	0.003
C	1.499	0.306	3.453	0.643
C	1.025	0.043	2.520	0.607
G	-0.257	-0.145	0.490	-0.304
C	2.540	1.046	7.736	0.973
U	-1.009	-0.220	0.559	-0.497
G	-1.171	-0.229	0.913	-0.689
U	0.005	-0.131	-0.474	-0.034
G	0.365	-0.050	-0.439	-0.070
U	0.105	-0.420	-0.461	0.159
G	0.343	0.495	-0.567	-0.416
C	0.478	-0.378	-0.387	0.199
C	0.435	-0.097	-0.466	0.004
A	0.419	-0.342	-0.434	0.169
G	0.405	-0.245	-0.411	0.075
G	0.391	0.156	-0.509	-0.190
G	0.450	-0.278	-0.435	0.112
C	0.503	0.112	-0.187	-0.095
U	0.409	-0.245	-0.400	0.133
G	0.413	-0.167	-0.426	0.020
U	0.317	-0.305	-0.381	0.199
C	0.434	0.040	-0.394	-0.060
C	0.490	-0.331	-0.372	0.161
U	-4.604	-0.223	3.436	-2.305
C	-0.745	-0.148	0.945	-0.546
C	0.226	1.500	-0.584	-1.093
A	0.292	0.657	-0.520	-0.472
U	-0.549	0.590	-0.710	-0.615
G	0.405	-0.330	-0.400	0.139
C	0.880	-0.307	0.885	0.421
U	-0.672	-0.432	-0.405	0.031
C	0.495	-0.199	-0.299	0.135
A	0.217	-0.307	-0.194	0.457
A	0.063	-0.123	-0.399	0.663
U	0.202	-0.558	-0.403	0.274
A	-0.807	-0.766	-0.140	0.596
C	0.832	-0.175	0.695	0.294
A	0.200	-0.091	-0.120	0.191
C	0.556	-0.396	-0.146	0.291
G	-0.752	-0.721	0.046	0.094
U	-1.388	-0.794	-0.185	0.588
U	-0.948	-0.870	-0.407	0.677
A	-0.838	2.516	-0.436	3.890
G	0.426	-0.208	-0.084	0.080
C	0.886	0.472	1.639	0.839
U	-3.016	-2.011	-0.501	0.836
U	-1.726	-1.146	-0.550	0.805
G	0.320	-0.376	-0.251	0.162
U	-0.121	-0.510	-0.407	0.242
C	0.661	-0.362	0.151	0.335
A	0.963	0.133	2.277	0.427
C	1.416	-0.207	2.451	0.673
C	0.442	-0.206	-0.137	0.134
A	0.522	-0.190	-0.210	0.213
A	0.521	0.228	-0.087	-0.097
A	0.715	-0.281	0.787	0.507
C	0.642	-0.363	0.074	0.339
A	0.306	0.029	-0.078	0.312
U	-0.070	-0.492	-0.454	0.192
A	0.317	-0.448	0.941	0.484
C	0.596	-0.321	0.044	0.272
C	0.316	-0.248	-0.251	0.123
C	0.881	-0.097	0.927	0.362
G	-0.105	-0.405	2.412e-004	-0.033
U	-0.327	-0.825	-0.448	0.384
G	0.346	0.046	-0.469	-0.128
C	0.657	-0.343	0.162	0.305
C	0.610	-0.344	0.115	0.263
G	-0.603	-0.215	0.581	-0.444
C	1.060	-0.102	1.952	0.442
U	0.322	-0.264	-0.365	0.067
G	0.256	-0.099	-0.262	-0.086
C	1.091	0.065	2.310	0.577
U	0.142	-0.591	-0.368	0.352
U	-2.526	-1.573	-0.552	0.625
U	-0.439	-0.630	-0.268	0.152
C	0.529	-0.273	0.082	0.161
C	0.426	0.019	-0.470	-0.087
C	0.492	-0.473	-0.381	0.248
A	0.448	-0.227	-0.438	0.112
G	0.478	-0.360	-0.418	0.171
U	0.364	-0.054	-0.464	-0.027
C	0.938	0.009	1.379	0.292
U	0.188	-0.326	-0.405	0.210
G	0.367	-0.213	-0.388	0.031
A	0.384	-0.445	-0.370	0.393
U	-2.792	-1.359	-0.706	0.413
G	0.341	-0.431	-0.355	0.173
A	0.430	-0.323	-0.299	0.462
G	0.461	-0.301	-0.304	0.146
C	0.466	-0.104	-0.275	0.190
A	0.303	0.184	-0.285	-0.113
A	0.452	-0.329	-0.201	0.308
A	0.449	-0.269	-0.324	0.400
G	0.494	-0.387	-0.313	0.204
G	0.459	-0.410	-0.387	0.192
A	0.390	0.288	-0.526	-0.271
A	0.468	-0.061	-0.392	-0.015
C	0.469	-0.241	-0.361	0.096
U	-0.013	-0.545	-0.361	0.234
U	-0.670	-0.724	-0.472	0.300
G	0.319	-0.310	-0.376	0.093
A	0.410	-0.238	-0.412	0.239
U	-0.675	0.176	-0.611	-0.056
G	0.424	-0.406	-0.402	0.194
C	0.287	0.137	0.382	0.143
U	-0.921	-0.664	-0.011	0.097
C	-0.406	-0.147	0.283	-0.316
A	0.378	-0.253	-0.401	0.397
G	-0.002	-0.573	-0.410	0.237
A	0.444	-0.084	-0.454	0.017
G	0.451	-0.277	-0.436	0.111
A	0.419	-0.026	-0.478	-0.042
G	0.387	-0.230	-0.386	0.051
G	0.429	-0.035	-0.458	-0.047
A	0.536	0.029	0.070	0.146
C	0.531	-0.455	-0.210	0.263
A	-0.373	-0.578	-0.423	0.364
A	0.249	0.251	-0.454	0.721
G	0.477	-0.447	-0.403	0.229
U	0.137	0.363	-0.453	-0.381
C	-0.336	-0.127	0.345	-0.303
A	-1.149	-1.153	-0.127	0.621
U	-0.609	-0.977	-0.452	0.442
U	-2.869	-0.128	-0.922	-0.425
U	-1.481	-1.308	-0.493	0.641
G	0.370	-0.396	-0.232	0.176
C	0.601	-0.319	-0.006	0.349
C	0.393	0.147	-0.484	-0.183
C	0.402	0.121	-0.388	-0.159
A	-0.085	0.503	-0.173	-0.182
A	0.367	-0.039	-0.466	0.138
G	0.476	-0.323	-0.415	0.147
G	0.374	-0.138	-0.461	0.009
U	0.385	-0.300	-0.390	0.114
C	0.521	-0.409	-0.198	0.245
A	0.462	-0.352	0.415	0.365
C	0.827	0.081	0.774	0.139
A	0.318	-0.253	0.369	0.529
C	0.374	-0.295	-0.251	0.209
A	0.344	0.051	-0.269	0.653
G	0.199	-0.374	-0.128	0.045
C	0.539	0.740	0.457	0.117
U	0.180	0.525	-0.471	-0.470
G	-0.442	0.212	0.216	-0.631
G	0.420	-0.400	-0.301	0.180
C	0.419	0.139	-0.093	-0.120
A	0.888	-0.107	1.149	0.365
A	0.776	0.191	0.954	0.776
C	3.118	0.984	10.401	1.278
U	0.033	0.088	-0.346	-0.007
G	-0.133	-0.260	0.243	-0.004
G	0.016	-0.382	0.052	-0.023
C	-0.886	-0.015	0.933	-0.685
A	0.404	-0.184	-0.427	0.340
G	0.475	-0.401	-0.390	0.195
A	0.289	0.903	-0.651	-0.684
G	0.436	-0.368	-0.274	0.159
C	0.421	0.064	-0.424	-0.069
C	0.394	-0.198	-0.401	0.030
A	0.418	-0.272	-0.318	0.361
G	0.359	0.158	-0.452	-0.195
G	0.333	0.110	-0.449	-0.190
A	0.093	0.711	-0.536	-0.433
U	-0.329	-0.594	-0.299	0.231
U	-0.660	-0.946	-0.376	0.366
C	0.732	-0.371	0.358	0.334
A	0.327	0.433	-0.459	-0.331
C	0.586	-0.440	-0.145	0.284
G	0.201	0.787	-0.484	-0.627
C	0.576	-0.208	-0.016	0.157
C	0.385	0.264	-0.517	-0.244
C	0.330	0.618	-0.500	-0.470
U	0.151	0.263	-0.473	-0.283
G	0.277	-0.330	-0.255	0.060
G	0.414	-0.418	-0.238	0.211
C	0.424	-0.166	-0.232	0.031
A	0.452	-0.121	-0.354	0.226
A	0.252	-0.051	-0.445	0.222
U	-0.025	-0.625	-0.342	0.316
U	-0.651	-0.623	-0.414	0.281
U	-0.144	-0.450	-0.479	0.217
G	0.470	-0.307	-0.404	0.135
A	0.468	-0.236	-0.392	0.112
C	0.374	-0.267	-0.340	0.078
U	-0.292	-0.079	-0.207	-0.261
C	0.374	-0.054	-0.396	-0.052
C	0.420	-0.408	-0.333	0.188
A	0.411	-0.268	-0.418	0.420
G	0.467	-0.370	-0.406	0.172
A	0.237	1.051	-0.675	-0.616
A	0.413	-0.226	-0.426	0.109
U	0.395	-0.478	-0.354	0.261
C	0.508	-0.103	-0.228	0.052
C	0.539	-0.335	-0.180	0.209
U	-0.517	-0.787	-0.403	0.317
A	0.393	-0.466	-0.099	0.300
A	2.590	0.341	6.286	1.119
C	0.592	-0.048	0.601	0.074
C	0.405	-0.243	0.223	0.098
U	-0.753	-0.709	-0.446	0.200
U	-1.357	-1.302	-0.420	0.539
A	0.232	-0.521	-0.275	0.288
A	0.678	0.057	0.361	0.089
C	1.584	-0.055	3.004	0.669
C	0.312	-0.313	-0.207	0.109
C	0.253	-0.230	-0.239	0.507
A	0.370	-0.194	-0.427	0.466
G	0.464	-0.295	-0.428	0.130
A	0.248	1.016	-0.659	-0.677
A	0.357	-0.111	-0.386	0.452
G	0.471	-0.366	-0.282	0.180
C	0.662	-0.007	0.458	0.318
A	0.496	0.154	0.008	-0.015
C	0.615	0.080	0.422	0.048
G	-0.350	-0.026	1.394	-0.375
G	-0.236	-0.303	0.264	-0.116
C	0.242	0.122	0.556	0.339
U	-1.210	-0.520	0.037	-0.046
U	-1.998	-0.266	0.398	-0.604
C	0.530	-0.357	0.318	0.281
A	0.427	-0.213	0.024	0.432
A	0.313	0.196	-0.065	0.785
G	0.410	-0.389	-0.333	0.167
C	0.340	0.394	-0.270	0.278
C	-0.195	0.090	0.319	-0.380
C	0.502	-0.390	-0.304	0.265
C	0.452	0.401	-0.138	-0.234
U	-0.774	0.007	0.225	0.135
G	0.168	-0.157	-0.071	-0.096
G	0.309	-0.302	-0.313	0.057
A	0.454	-0.230	-0.419	0.130
A	0.382	0.149	-0.449	-0.127
A	0.473	-0.359	-0.327	0.217
C	0.374	0.112	-0.252	-0.134
C	0.647	-0.383	0.143	0.335
A	0.612	-0.300	0.616	0.394
C	0.472	-0.337	-0.159	0.283
A	0.017	0.691	-0.245	1.232
A	-0.009	0.337	0.373	0.826
U	0.054	-0.145	-0.444	0.073
A	0.582	-0.152	0.595	0.627
C	0.571	0.244	0.156	0.097
C	0.760	-0.125	1.359	0.320
U	-0.933	0.111	0.442	-0.402
G	-1.475	-0.296	1.389	-0.675
U	-1.850	-0.172	0.977	-0.250
G	-0.987	-0.105	0.817	-0.655
G	-0.048	-0.364	0.132	-0.039
C	0.314	-0.119	1.185	0.037
A	0.380	0.285	-0.094	0.475
G	0.496	-0.415	-0.233	0.230
C	0.437	-0.040	-0.213	0.068
C	0.385	-0.233	-0.351	0.108
A	0.170	-0.441	-0.373	0.412
G	0.226	-0.397	-0.204	0.112
G	0.219	0.555	-0.536	-0.506
G	0.131	0.616	-0.398	-0.600
G	0.285	0.475	-0.469	-0.432
G	0.184	-0.346	-0.197	0.059
A	0.352	0.403	-0.464	-0.057
G	0.424	-0.240	-0.390	0.076
G	0.268	0.064	-0.490	-0.144
U	-0.018	-0.288	-0.485	0.092
G	0.238	0.416	-0.481	-0.421
C	0.429	0.792	-0.078	-0.482
U	0.084	1.833	-0.791	-1.345
G	-0.481	4.716	-1.234	-3.413
G	0.219	1.034	-0.649	-0.810
A	0.236	0.981	-0.672	-0.745
A	0.255	1.042	-0.659	-0.752
U	0.347	-0.297	-0.390	0.264
C	0.458	-0.270	0.284	0.129
U	0.095	-0.480	-0.178	0.149
C	0.188	0.717	0.388	-0.576
A	0.201	-0.074	-0.113	0.163
U	-1.836	-0.055	-0.093	-0.559
U	-4.805	-2.256	0.406	0.254
U	-8.236	-3.357	1.272	0.151
C	0.171	-0.301	0.884	0.079
A	-0.795	-0.585	1.126	1.045
C	0.889	0.035	1.228	0.285
A	-2.054	-0.807	-0.063	1.693
U	-2.587	-0.304	-0.153	1.811
G	-0.610	-0.539	-0.168	0.041
U	-1.423	-0.617	-0.196	0.765
G	-2.472	-0.354	1.654	-0.877
G	-0.657	-0.353	0.943	-0.219
G	-1.119	-0.221	1.158	-0.562
G	-0.863	-0.322	0.924	-0.377
A	-0.119	1.049	-0.339	2.021
G	0.043	-0.493	0.190	0.085
G	-0.460	-0.157	0.306	-0.404
G	-0.579	-0.122	0.275	-0.437
G	-0.026	-0.508	-0.208	0.191
G	-0.416	-0.791	0.017	0.329
C	0.480	0.380	0.094	-0.202
U	-0.036	-0.213	-0.250	-0.041
C	0.466	1.288	0.386	-0.794
C	0.434	0.131	-0.439	-0.150
C	0.389	-0.058	-0.353	-0.013
C	0.379	0.281	2.274	-2.140e-004
U	-1.600	2.896	-0.004	0.090
G	-0.297	0.482	-0.070	-0.687
U	0.163	0.539	-0.598	-0.439
G	0.151	1.175	-0.652	-0.921
C	-0.187	4.026	-0.941	-2.805
U	0.192	-0.121	-0.350	-0.056
C	0.545	-0.163	0.178	0.207
A	0.142	0.992	0.119	0.380
A	0.216	0.454	-0.280	0.601
G	0.509	-0.286	-0.179	0.155
G	0.367	-0.099	-0.165	-0.001
U	0.148	-0.385	-0.352	0.224
C	0.603	-0.317	0.045	0.253
A	1.611	0.361	3.779	0.545
C	0.602	-0.399	-0.039	0.271
A	0.634	-0.211	0.973	0.357
A	1.876	-0.056	5.656	1.211
C	2.377	0.307	5.429	0.968
C	0.542	0.185	0.333	-0.044
A	-0.480	-0.496	-0.126	0.295
A	-0.051	1.284	-0.488	-0.808
A	0.221	0.799	-0.550	-0.326
G	0.426	-0.304	-0.374	0.122
A	0.496	-0.292	-0.345	0.199
G	0.442	-0.279	-0.304	0.107
G	0.429	-0.020	-0.474	-0.063
A	0.371	-0.127	-0.428	0.105
A	0.354	-0.097	-0.393	0.521
G	0.396	0.337	-0.472	-0.296
C	0.615	-0.127	0.147	0.319
U	0.241	-0.084	-0.415	0.046
G	0.161	0.192	-0.265	-0.303
U	-0.421	-0.517	-0.510	0.148
G	0.415	-0.029	-0.449	-0.063
A	0.430	-0.248	-0.423	0.282
U	-0.919	-0.876	-0.524	0.362
U	-0.733	0.043	-0.406	-0.362
A	-0.065	-0.302	-0.456	0.104
A	0.376	-0.222	-0.435	0.178
A	0.318	-0.043	-0.459	0.025
A	-0.139	-0.666	0.476	0.610
C	0.732	-0.298	0.637	0.324
C	0.284	0.042	-0.301	-0.155
C	0.422	-0.333	-0.359	0.127
A	0.373	-0.089	-0.456	0.275
G	0.465	-0.212	-0.443	0.074
G	0.376	0.181	-0.518	-0.209
U	0.182	-0.247	-0.292	0.069
C	0.478	-0.311	-0.358	0.157
C	0.415	-0.021	-0.463	-0.054
C	0.429	-0.352	-0.228	0.146
A	0.443	-0.220	-0.343	0.133
U	0.238	-0.480	-0.338	0.308
U	-2.796	-1.454	-0.702	0.505
U	0.045	-0.270	-0.461	0.289
G	0.354	-0.121	-0.406	-0.028
C	0.381	0.305	-0.454	-0.227
A	0.204	0.535	-0.490	-0.329
A	0.458	-0.213	-0.224	0.362
A	0.388	0.082	-0.249	0.426
G	0.429	-0.364	-0.392	0.164
C	0.438	0.097	-0.330	0.003
C	-0.570	-0.204	0.616	-0.279
U	-1.958	-0.964	-0.323	0.364
C	1.283	0.165	2.293	0.484
G	0.469	-0.373	-0.291	0.188
A	0.319	-0.074	-0.142	0.176
C	0.570	-0.357	0.374	0.313
U	0.352	-0.434	-0.366	0.210
U	-0.104	-0.217	-0.524	0.021
U	-2.988	-1.162	-0.706	0.267
U	-1.581	-1.088	-0.275	0.297
A	0.200	0.615	0.257	1.239
G	0.226	-0.074	-0.230	-0.127
C	-0.515	0.101	2.293	-0.436
A	0.432	-0.153	-0.371	0.266
G	0.088	-0.153	-0.158	-0.148
G	0.415	-0.093	-0.443	-0.015
U	0.300	-0.313	-0.458	0.117
G	0.404	-0.243	-0.408	0.072
C	0.518	-0.318	-0.306	0.184
A	0.462	0.022	-0.319	0.073
U	-0.269	-0.577	-0.166	0.093
C	0.380	-0.101	-0.314	-0.033
A	0.295	0.682	-0.512	-0.507
U	-0.581	-0.898	-0.438	0.369
A	0.295	-0.010	-0.422	0.028
C	0.863	0.933	1.678	-0.332
U	0.183	0.287	-0.445	-0.284
G	-0.198	-0.232	0.026	-0.174
U	-1.515	-0.623	0.222	-0.189
U	-0.681	-1.101	-0.384	0.492
C	0.482	-0.364	-0.368	0.219
C	0.375	0.306	-0.502	-0.289
C	0.618	-0.376	0.352	0.278
A	0.880	-0.252	2.019	0.572
C	0.676	-0.278	0.764	0.287
C	0.461	-0.451	-0.081	0.228
C	0.420	0.014	-0.312	-0.069
C	0.530	-0.413	-0.141	0.266
U	-0.174	-0.610	-0.117	0.131
C	0.469	-0.384	-0.279	0.199
C	0.399	-0.096	-0.407	-0.016
C	0.427	-0.310	-0.291	0.145
A	0.374	-0.249	-0.363	0.126
U	-2.566	-0.323	1.526	-1.137
C	0.461	-0.403	-0.291	0.245
C	0.445	0.041	-0.405	-0.076
C	0.557	-0.347	-0.143	0.213
A	1.150	-0.099	1.910	0.499
C	0.555	-0.317	-0.197	0.205
U	-0.454	-0.728	-0.252	0.227
U	-1.058	-0.136	-0.185	-0.285
C	0.733	-0.157	0.818	0.314
U	0.115	-0.292	-0.362	0.387
G	0.284	-0.083	-0.348	-0.063
U	-0.118	-0.209	-0.447	-0.004
C	0.372	-0.258	-0.306	0.084
C	0.445	-0.345	-0.365	0.160
A	0.428	-0.264	-0.198	0.277
G	-0.348	-0.229	0.345	-0.302
C	-0.543	0.336	0.345	-0.410
C	0.951	-0.065	1.628	0.447
G	0.241	0.008	0.293	-0.138
C	0.674	-0.093	0.753	0.201
C	0.360	-0.282	0.354	0.164
U	-2.628	-0.935	0.057	-0.132
A	0.195	0.239	-0.327	0.758
G	0.219	-0.502	-0.207	0.244
C	0.408	0.197	-0.289	-0.026
C	0.397	0.336	-0.384	-0.279
C	0.510	-0.008	-0.128	-0.016
C	0.537	-0.286	-0.194	0.190
A	0.414	-0.484	0.574	0.449
C	0.517	-0.267	-0.281	0.139
U	0.294	-0.307	-0.395	0.088
U	-1.950	-1.507	-0.521	0.596
U	0.023	-0.514	-0.212	0.120
C	0.997	-0.185	1.149	0.384
U	0.393	-0.516	-0.376	0.253
U	-0.982	-0.188	-0.662	-0.145
U	-1.549	-0.527	-0.673	-0.002
U	-1.076	-1.260	-0.493	0.560
U	-3.119	-2.277	-0.617	0.959
U	-3.912	-2.610	-0.675	1.084
U	-1.034	-0.578	-0.574	0.110
U	0.272	-0.484	-0.346	0.208
C	1.333	-0.098	2.174	0.539
U	0.023	-0.720	-0.370	0.330
U	-1.087	-0.588	-0.601	0.105
U	-2.424	-1.684	-0.590	0.660
U	-4.651	-3.067	-0.653	1.282
U	-1.374	-1.343	-0.400	0.615
U	-1.050	0.111	-0.477	-0.223
U	-0.610	-0.289	-0.048	0.206
G	-0.172	-0.318	0.755	-0.092
A	0.446	-0.340	-0.241	0.376
G	0.442	-0.481	-0.385	0.248
A	0.502	-0.161	-0.211	0.165
C	0.529	-0.206	-0.175	0.187
A	-0.238	1.303	-0.427	2.282
G	0.434	-0.472	-0.373	0.244
U	0.182	-0.289	-0.258	0.098
C	0.592	0.019	1.977	0.196
U	-3.264	-0.690	1.531	-1.005
C	-1.796	0.024	3.105	-1.087
C	0.217	-0.304	0.535	0.033
C	0.360	-0.109	1.083	0.006
U	-1.945	-0.191	1.055	-0.942
C	0.618	-0.109	1.423	0.163
U	-1.271	-0.605	0.078	-0.137
U	-1.413	-0.470	0.039	-0.234
G	-0.567	0.376	0.337	-0.783
C	0.898	0.009	1.998	0.437
U	-0.223	-0.324	0.071	-0.113
G	-0.365	-0.305	0.295	-0.268
A	0.485	-0.436	-0.402	0.249
G	0.390	-0.469	-0.305	0.200
G	0.284	-0.133	-0.377	-0.041
C	0.523	-0.267	0.068	0.177
U	0.090	-0.240	-0.159	0.052
G	-0.321	-0.049	0.247	-0.410
G	0.135	-0.343	-0.203	0.028
A	0.410	-0.192	-0.386	0.420
G	0.421	-0.337	-0.392	0.145
U	0.364	-0.299	-0.429	0.143
G	0.289	0.212	-0.458	-0.262
C	0.438	-0.133	-0.377	0.073
A	-0.649	2.303	-0.495	3.282
G	0.289	0.789	-0.618	-0.630
U	0.405	-0.340	-0.409	0.197
G	0.397	-0.036	-0.448	-0.060
G	0.296	0.897	-0.495	-0.683
C	0.550	0.111	0.208	0.074
G	-0.901	0.203	0.743	-0.817
A	0.212	0.697	-0.442	0.431
G	0.472	-0.368	-0.403	0.181
A	0.451	-0.115	-0.438	0.044
U	0.275	-0.229	-0.440	0.067
C	0.652	0.548	0.543	-0.184
U	-0.519	-0.694	-0.213	0.194
C	0.608	0.011	0.317	0.061
G	-0.138	0.143	0.428	-0.401
G	0.318	-0.361	-0.338	0.137
C	0.244	0.985	-0.554	-0.747
U	0.189	-0.563	-0.323	0.262
C	0.602	-0.240	0.056	0.189
A	0.882	0.880	2.290	-0.057
C	1.123	0.123	1.885	0.429
U	0.157	-0.138	-0.388	0.109
G	0.229	-0.320	-0.284	0.055
U	0.100	-0.241	-0.439	0.100
A	0.364	-0.208	-0.415	0.163
A	1.088	0.097	1.739	0.377
C	0.304	0.355	-0.071	-0.180
C	0.238	-0.090	0.672	-0.070
U	-0.512	-0.525	-0.004	0.191
C	0.417	-0.217	0.061	0.068
C	0.376	0.247	-0.448	-0.204
G	0.014	-0.090	0.016	-0.133
C	0.489	-0.377	-0.324	0.190
C	0.074	-0.189	-0.105	-0.038
U	0.157	-0.425	-0.301	0.193
C	0.515	-0.357	-0.232	0.217
C	0.307	0.158	-0.416	-0.220
C	-0.079	-0.110	0.125	-0.112
G	-2.248	-0.364	1.624	-1.021
G	0.170	-0.296	-0.220	-0.009
G	0.445	0.142	-0.154	-0.113
U	-0.017	-0.186	-0.391	0.684
U	-0.295	-0.388	-0.359	0.043
C	0.511	-0.304	-0.082	0.188
A	0.355	-0.323	0.168	0.485
A	0.135	0.432	-0.454	1.089
G	0.406	-0.060	-0.431	-0.037
C	0.893	0.028	0.904	0.205
G	0.347	0.277	-0.494	-0.286
A	0.428	-0.147	-0.407	0.109
U	-0.459	1.189	-0.633	-1.043
U	-0.764	-0.462	-0.178	-0.071
C	0.582	0.228	0.743	-0.094
U	-1.344	-1.003	0.115	0.105
C	0.528	0.152	-0.081	-0.103
C	0.494	-0.225	-0.251	0.216
U	0.139	-0.193	-0.408	0.048
G	0.306	-0.193	-0.372	0.031
C	0.503	-0.271	-0.235	0.181
C	0.363	-0.012	-0.348	-0.063
U	-1.194	-0.969	-0.087	0.195
C	0.472	-0.268	-0.311	0.126
A	0.163	0.054	-0.259	0.881
G	0.477	-0.380	-0.386	0.188
C	0.372	0.086	-0.418	0.220
C	0.479	-0.407	-0.203	0.241
U	0.082	-0.334	-0.224	0.015
C	0.522	-0.168	-0.165	0.097
C	0.484	-0.358	-0.388	0.174
C	0.325	-0.272	-0.237	0.090
A	0.196	-0.406	-0.223	0.462
A	0.432	-0.193	-0.376	0.322
G	0.458	-0.384	-0.396	0.184
U	0.286	0.150	-0.474	-0.174
A	0.307	0.557	-0.513	-0.144
G	0.203	-0.326	-0.034	0.025
C	0.306	-0.012	0.775	0.206
U	-0.166	-0.353	-0.253	0.301
A	-0.832	2.052	-0.411	3.506
G	0.104	-0.409	0.190	0.089
G	0.155	-0.057	-0.195	-0.161
A	0.391	0.213	-0.513	-0.157
U	-0.876	-0.211	-0.479	0.429
U	-0.467	-0.255	-0.127	-0.185
A	0.360	-0.152	-0.444	0.147
C	0.511	-0.345	-0.295	0.206
A	0.294	0.471	-0.539	-0.023
G	0.425	-0.281	-0.366	0.097
G	0.354	-0.044	-0.440	-0.066
C	0.491	-0.068	-0.319	0.015
G	0.059	1.834	-0.764	-1.379
C	0.482	-0.268	-0.349	0.131
C	0.454	-0.335	-0.340	0.202
C	0.364	0.247	-0.392	-0.222
G	0.604	-0.080	0.580	0.129
C	0.411	-0.228	-0.240	0.073
C	0.492	0.091	-0.189	-0.087
A	0.681	0.238	0.572	0.072
C	0.582	-0.424	-0.148	0.283
C	0.448	0.012	-0.401	-0.048
A	0.396	0.059	-0.446	-0.089
C	0.532	-0.321	-0.237	0.181
G	0.425	-0.217	-0.306	0.076
C	0.454	-0.084	-0.284	0.062
C	0.325	-0.218	-0.294	0.165
U	0.016	0.147	-0.268	0.274
G	-0.053	-0.260	0.046	-0.149
G	0.326	-0.284	-0.165	0.077
C	0.478	0.091	0.242	-0.003
U	0.310	-0.265	-0.446	0.090
A	0.311	-0.595	-0.263	0.343
A	0.689	0.021	0.419	0.125
C	0.741	-0.335	0.502	0.321
U	0.090	-0.416	-0.387	0.126
U	-2.567	-1.906	-0.549	0.778
U	-0.466	-0.563	-0.384	0.265
U	-1.839	-0.903	-0.483	0.963
G	0.161	0.218	-0.452	-0.291
U	-0.032	0.137	-0.463	-0.134
A	0.347	-0.334	-0.325	0.251
U	0.005	-0.362	-0.419	0.172
U	-0.901	-0.811	-0.422	0.249
U	-2.245	-1.685	-0.476	0.681
U	-0.914	-0.938	-0.363	0.371
U	-4.533	-2.363	-0.594	1.118
A	-0.825	2.303	-0.371	3.828
G	0.343	-0.267	-0.372	0.077
U	0.068	-0.442	-0.208	0.172
A	0.099	0.497	-0.471	0.912
G	0.441	-0.456	-0.368	0.219
A	0.492	-0.423	-0.394	0.271
G	0.497	-0.469	-0.343	0.257
A	0.425	-0.005	-0.471	-0.059
U	0.395	-0.215	-0.435	0.088
G	-0.355	-0.368	0.216	-0.208
G	0.183	-0.256	-0.172	-0.033
G	0.393	-0.290	-0.306	0.092
G	0.821	0.647	1.615	-0.110
U	-0.008	-0.418	-0.434	0.493
U	-1.508	-0.911	-0.473	0.235
U	-0.716	-0.476	-0.261	-0.032
C	0.921	-0.267	0.940	0.398
A	0.899	-0.105	1.983	0.471
C	0.562	-0.371	0.302	0.298
C	0.540	-0.267	-0.090	0.179
A	0.079	2.166	-0.718	-1.339
U	0.306	-0.085	-0.487	0.004
G	-0.019	0.933	-0.514	-0.750
U	-0.723	-0.265	-0.488	0.693
U	-0.212	-0.028	-0.408	-0.188
G	0.064	-0.008	-0.234	-0.229
G	0.515	-0.386	-0.215	0.227
C	0.473	-0.103	-0.339	0.015
C	0.445	-0.180	-0.448	0.065
A	0.436	-0.147	-0.381	0.286
G	0.459	-0.342	-0.417	0.154
G	0.473	-0.368	-0.411	0.173
C	0.413	-0.014	-0.442	-0.073
U	0.325	-0.107	-0.393	-0.033
G	0.346	-0.059	-0.383	-0.075
G	0.399	-0.163	-0.395	0.022
U	0.233	-0.211	-0.359	0.044
C	0.197	0.692	-0.365	-0.600
U	-0.517	-0.593	-0.419	0.181
C	0.536	-0.204	0.064	0.153
A	0.411	-0.030	-0.382	0.086
A	0.281	0.904	-0.612	-0.665
A	0.348	0.400	-0.518	-0.249
C	0.535	-0.229	-0.126	0.130
U	0.084	-0.428	-0.412	0.184
C	0.345	0.525	-0.581	-0.440
C	0.433	-0.042	-0.436	-0.004
U	0.048	-0.269	-0.282	0.032
G	0.376	-0.378	-0.403	0.165
A	0.455	-0.217	-0.206	0.270
C	0.500	-0.204	-0.192	0.260
C	0.026	-0.255	0.753	-0.038
U	-3.610	-1.537	0.294	0.041
U	-1.542	-1.205	-0.466	0.571
A	-0.262	-0.462	-0.005	0.702
A	-0.263	1.338	-0.384	2.327
G	0.358	-0.334	-0.367	0.148
U	0.317	-0.244	-0.396	0.067
G	0.446	-0.360	-0.400	0.158
A	0.391	-0.003	-0.447	0.132
U	-0.039	-0.469	-0.347	0.208
U	-1.076	-0.378	-0.139	-0.150
C	0.571	-0.270	0.485	0.286
G	0.406	-0.410	0.182	0.233
C	0.549	-0.221	-0.154	0.182
C	0.426	-0.098	-0.420	0.005
C	0.494	-0.181	-0.255	0.076
A	0.473	-0.174	0.654	0.253
C	1.387	-0.034	2.524	0.560
U	0.175	-0.030	-0.298	-0.094
G	-0.295	-0.375	0.275	-0.127
U	-0.846	-0.251	0.520	-0.286
G	-0.267	-0.312	0.304	-0.210
G	0.228	-0.459	-0.374	0.195
C	0.280	0.124	-0.415	0.260
C	0.354	-0.366	-0.146	0.140
U	-1.572	-0.355	0.679	-0.514
C	0.455	-0.322	0.060	0.161
C	0.485	-0.456	-0.332	0.246
C	0.271	0.032	-0.283	-0.109
A	0.233	-0.495	-0.228	0.445
A	0.413	-0.116	-0.331	0.234
A	0.384	0.185	-0.489	-0.039
G	0.430	-0.135	-0.451	0.012
U	0.350	0.381	-0.557	-0.335
G	0.295	-0.354	-0.225	0.079
C	0.361	-0.374	-0.119	0.170
U	0.045	-0.269	-0.152	-0.018
G	-0.343	-0.160	0.242	-0.354
G	-0.237	-0.140	0.037	-0.269
G	0.143	-0.158	0.199	-0.077
A	0.432	-0.269	-0.330	0.288
U	-5.248	-2.611	-0.354	0.765
U	-1.025	-0.687	-0.339	0.132
A	0.355	0.164	-0.506	-0.136
C	0.503	-0.218	-0.330	0.101
A	0.409	-0.154	-0.430	0.248
G	0.436	-0.125	-0.452	0.013
G	0.443	-0.200	-0.448	0.058
C	0.467	-0.174	-0.406	0.063
G	-0.224	2.462	-0.618	-1.882
U	-0.198	-0.310	-0.146	-0.067
G	-0.121	-0.310	0.109	-0.145
A	-0.309	1.308	-0.490	2.302
G	-1.482	0.283	1.348	-1.128
C	-1.717	-0.065	1.533	-1.070
U	-0.431	-0.780	-0.266	0.268
A	-0.270	1.230	-0.360	-0.843
C	0.792	-0.335	0.690	0.424
C	0.517	-0.221	-0.231	0.172
G	0.287	-0.405	-0.231	0.147
C	1.110	0.042	1.698	0.360
C	0.758	-0.382	0.510	0.458
C	0.379	0.350	-0.539	-0.305
C	0.475	-0.365	-0.385	0.223
C	0.430	-0.241	-0.344	0.155
A	0.139	0.436	-0.255	1.147
G	0.478	-0.460	-0.343	0.241
C	0.356	0.348	-0.180	0.410
C	0.416	-0.319	-0.224	0.160
C	0.400	0.142	-0.476	-0.146
C	0.483	-0.408	-0.158	0.221
U	-0.296	-0.671	-0.109	0.145
C	0.431	-0.361	-0.200	0.154
C	0.415	-0.092	-0.399	-0.014
C	0.355	-0.220	-0.311	0.055
A	0.211	-0.169	-0.406	0.068
U	-2.110	-0.290	1.122	-0.932
C	0.360	0.379	-0.341	-0.326
C	0.429	0.172	-0.422	-0.167
C	0.604	-0.206	0.146	0.170
A	0.774	-0.368	1.478	0.531
C	0.563	-0.315	-0.163	0.196
U	-0.627	-0.912	-0.284	0.313
U	-1.244	-0.397	-0.129	-0.174
C	0.729	-0.243	0.553	0.359
U	0.138	-0.184	-0.344	0.461
G	0.340	0.137	-0.473	-0.194
U	-0.344	-0.338	-0.501	0.095
C	0.457	-0.287	-0.417	0.135
C	0.485	-0.421	-0.404	0.221
A	0.426	-0.288	-0.371	0.240
G	0.459	-0.428	-0.366	0.204
C	0.408	0.026	-0.402	0.104
C	0.488	-0.275	-0.244	0.149
C	0.475	-0.404	-0.379	0.217
C	0.469	-0.268	-0.195	0.127
C	0.358	-0.355	0.514	0.184
U	-0.037	-0.190	-0.381	-0.010
A	0.224	0.040	-0.355	0.693
G	0.469	-0.453	-0.258	0.241
C	0.478	0.194	-0.166	0.071
C	0.422	-0.337	-0.316	0.150
C	0.396	0.429	-0.054	-0.338
U	-0.935	-1.007	-0.252	0.331
A	0.168	-0.462	-0.094	0.401
C	0.559	-0.048	0.279	0.047
U	-0.696	-0.383	-0.286	-0.068
U	-3.583	-2.144	-0.374	0.682
U	-0.234	0.034	-0.068	-0.385
C	0.617	-0.063	0.404	0.089
U	-0.148	-0.515	-0.302	0.131
U	-2.932	-1.217	-0.562	0.233
U	-2.153	-0.940	0.688	-0.293
C	-0.075	0.147	0.606	-0.351
U	-3.941	0.224	2.867	-1.657
G	-4.198	0.051	3.378	-2.349
G	-0.372	0.246	0.021	-0.582
G	0.332	-0.218	-0.308	0.013
A	0.374	-0.387	-0.252	0.288
U	-1.152	-0.888	-0.117	0.151
C	0.461	-0.289	0.200	0.177
C	0.262	-0.310	-0.246	0.072
A	0.364	-0.377	-0.356	0.398
G	0.290	-0.369	-0.269	0.104
G	0.346	-0.182	-0.403	0.019
A	0.447	-0.158	-0.451	0.089
G	0.406	-0.039	-0.454	-0.059
U	-0.390	1.314	-0.605	-1.135
C	0.413	-0.211	-0.217	0.230
C	0.427	-0.322	-0.392	0.209
A	0.315	0.015	-0.447	0.498
G	0.412	0.147	-0.502	-0.173
A	0.312	0.667	-0.588	-0.498
U	0.258	-0.241	-0.423	0.044
C	0.253	0.719	-0.259	-0.586
C	0.489	-0.268	-0.372	0.150
C	0.378	0.288	-0.536	-0.220
C	0.374	0.198	-0.510	-0.195
A	0.440	-0.036	-0.364	0.078
G	0.421	-0.491	-0.365	0.243
C	0.337	0.329	-0.487	-0.057
C	0.506	-0.248	-0.221	0.162
C	0.449	-0.201	-0.394	0.098
C	0.431	-0.293	-0.300	0.129
C	0.547	-0.204	0.010	0.154
U	-1.063	-0.492	0.429	-0.324
C	0.688	-0.135	0.823	0.212
U	-0.988	-0.887	0.010	0.173
C	0.219	-0.140	0.199	-0.058
C	0.403	-0.299	-0.355	0.125
A	0.442	-0.265	-0.431	0.195
G	0.001	2.560	-0.962	-1.850
A	0.387	0.266	-0.521	-0.212
U	-0.005	-0.549	-0.427	0.322
U	-2.548	-1.923	-0.560	0.806
A	0.027	-0.252	0.171	0.160
C	0.658	-0.386	0.146	0.393
A	0.567	-0.217	0.324	0.262
U	-2.683	-1.968	-0.486	0.767
U	-0.271	-0.249	-0.218	-0.128
C	0.600	-0.323	0.217	0.241
A	0.334	-0.234	-0.361	0.113
U	-0.906	-0.550	0.142	-0.136
C	0.391	-0.077	-0.149	-0.037
C	0.434	-0.196	-0.426	0.049
A	0.423	-0.265	-0.408	0.348
G	0.402	0.118	-0.507	-0.161
G	0.434	-0.280	-0.425	0.113
C	0.443	0.027	-0.408	-0.072
A	-0.552	-0.584	1.293	1.085
C	0.439	-0.256	-0.079	0.155
A	0.267	-0.394	-0.386	0.493
G	0.386	-0.279	-0.341	0.080
G	0.304	0.248	-0.470	-0.286
A	0.339	0.291	-0.476	0.029
A	0.422	-0.070	-0.405	0.037
A	0.409	-0.042	-0.423	0.226
G	0.418	-0.276	-0.399	0.103
G	0.325	0.486	-0.554	-0.422
A	0.243	1.307	-0.619	-0.924
C	0.400	0.206	-0.497	-0.196
A	0.357	0.025	-0.439	0.316
G	0.293	-0.151	-0.334	-0.049
G	0.330	0.634	-0.611	-0.515
G	0.298	0.935	-0.544	-0.705
U	0.158	-0.046	-0.506	-0.032
C	0.320	0.470	-0.526	-0.362
A	0.435	-0.333	-0.421	0.240
G	0.403	-0.111	-0.452	-0.010
G	0.167	1.444	-0.750	-1.088
A	0.238	0.876	-0.611	-0.500
A	0.417	-0.267	-0.406	0.154
A	0.421	-0.052	-0.466	0.084
G	0.463	-0.295	-0.426	0.123
G	0.055	2.131	-0.885	-1.564
A	0.451	-0.149	-0.441	0.032
G	0.384	-0.424	-0.315	0.168
G	0.337	0.405	-0.470	-0.351
A	-0.071	4.691	-0.673	-3.156
C	-0.331	1.160	-0.055	-0.492
U	-1.424	-0.172	0.934	-0.834
C	0.213	0.098	1.894	0.258
U	-1.983	0.950	1.038	0.243
G	-1.501	-0.022	1.177	-1.007
G	0.170	0.908	-0.534	-0.754
G	0.300	0.068	-0.384	-0.167
C	0.431	-0.187	-0.015	0.083
G	-2.137	0.931	1.461	-1.894
G	0.383	-0.217	-0.387	0.043
C	0.432	-0.043	-0.379	-0.025
A	0.325	0.266	0.026	0.633
G	0.280	-0.302	0.017	0.081
C	-0.088	0.754	-0.151	-0.479
C	-0.266	-0.139	0.523	-0.196
U	-1.387	-0.310	0.657	-0.469
C	0.278	-0.019	0.369	-0.077
C	0.768	0.795	1.004	-0.333
A	0.988	0.613	2.105	0.064
C	0.821	0.058	0.795	0.134
A	-0.504	0.397	-0.579	-0.400
U	-2.790	-1.578	-0.496	0.464
U	-0.929	-0.446	0.133	-0.222
C	-0.128	0.436	1.525	-0.553
C	-0.006	-0.222	1.743	-0.065
C	-0.774	-0.175	2.049	-0.481
C	0.448	-0.279	0.727	0.152
U	-4.902	-2.697	-0.546	1.306
U	-5.144	-1.067	1.907	-1.090
C	-0.930	-0.203	0.939	-0.581
C	0.318	-0.254	0.480	0.100
A	0.113	0.308	-0.256	0.189
C	0.560	-0.230	0.152	0.162
G	0.189	-0.113	-0.199	-0.062
C	1.317	0.793	2.773	0.062
U	-7.255	-3.352	-0.190	1.088
U	-2.423	-0.189	0.420	-0.684
G	-1.476	-0.484	0.614	-0.421
G	-0.136	0.986	-0.548	-0.871
C	0.227	0.416	-0.479	0.413
C	0.393	0.029	-0.335	0.112
C	0.495	-0.394	-0.349	0.222
C	0.460	-0.217	-0.390	0.095
C	0.103	0.432	-0.303	-0.234
A	0.357	0.092	-0.472	0.261
G	0.304	0.685	-0.599	-0.559
A	0.348	0.341	-0.552	-0.238
A	0.210	0.592	-0.559	0.085
U	-0.236	0.185	-0.604	-0.278
G	-0.254	1.480	-0.379	-1.315
G	0.300	-0.019	-0.480	-0.090
A	0.057	-0.105	-0.471	-0.029
G	0.198	-0.242	-0.208	-0.036
G	0.304	0.168	-0.455	-0.224
A	0.445	-0.041	-0.361	0.107
G	0.008	-0.377	-3.543e-005	-0.038
G	0.440	-0.133	-0.233	0.043
G	0.341	0.078	-0.453	-0.137
U	0.072	1.100	-0.694	-0.744
G	-0.135	0.563	-0.612	-0.537
U	-0.495	1.021	-0.691	-0.779
C	0.281	1.687	-0.267	-1.120
U	0.125	-0.095	-0.243	-0.042
G	-0.396	0.587	0.007	-0.760
U	-11.142	23.751	-0.865	25.184
A	0.181	1.055	-0.671	-0.769
U	-3.407	-1.550	-0.475	1.048
U	-0.686	-0.320	-0.213	0.262
A	0.317	0.281	-0.500	-0.217
C	0.535	0.372	0.888	-0.077
U	-0.997	-0.177	0.644	-0.496
G	-3.956	0.805	3.193	-2.709
G	-0.716	1.712	-0.087	-1.686
G	0.217	0.917	-0.461	-0.727
C	0.562	0.820	0.451	-0.281
G	0.937	0.407	1.496	0.013
A	0.016	2.354	-0.817	-1.249
G	0.217	0.074	-0.292	-0.200
G	0.255	0.583	-0.570	-0.498
U	-3.113	-1.061	-0.753	0.147
G	0.303	0.389	-0.538	-0.364
U	-1.161	2.894	-0.299	-2.423
C	-0.047	0.489	-0.164	-0.484
C	-0.886	1.132	0.145	1.185
U	-1.905	-0.118	-0.222	0.535
C	-0.407	0.164	0.376	-0.178
C	0.205	0.866	-0.278	-0.690
C	0.505	-0.120	-0.267	0.044
U	-0.468	0.397	-0.572	-0.489
U	-3.139	0.585	1.669	-1.972
C	0.410	-0.246	-0.332	0.079
C	0.253	-0.073	-0.230	-0.084
U	-1.286	0.453	0.607	-0.982
G	-2.715	2.402	1.566	-3.091
G	-2.460	4.859	0.337	-4.485
G	-0.026	1.400	-0.558	-1.161
G	0.116	0.431	-0.089	-0.485
A	0.348	0.532	-0.565	-0.403
C	0.361	0.234	-0.158	-0.172
U	0.034	1.037	-0.552	-0.840
G	-1.101	2.070	0.112	-2.099
U	-0.566	3.484	-1.106	-2.485
G	-0.424	0.546	0.065	-0.733
G	-2.138	0.849	1.682	-1.773
G	-7.413	7.808	3.542	-8.694
G	-4.244	0.808	3.514	-2.849
G	0.373	0.855	0.146	-0.601
G	0.202	1.673	-0.395	-1.168
U	-0.151	2.938	-0.985	-1.667
G	-0.121	2.909	-0.906	-2.119
G	0.289	1.468	0.198	-0.944
U	-0.258	3.517	-1.134	-2.497
C	-0.049	4.742	-0.364	-3.193
A	0.157	2.629	-0.492	-1.733
A	-0.997	9.106	-2.157	-6.243
A	0.267	0.917	-0.667	-0.713
A	-0.726	7.407	-1.890	-5.208
G	0.377	0.334	-0.554	-0.306
A	0.460	-0.202	-0.453	0.065
C	-1.403	11.746	-2.709	-8.216