"Clone sequence"	PC1	PC2	PC3	PC4
G	0.688	2.378	3.415	1.052
A	0.212	0.094	-0.124	-0.939
G	0.264	0.344	0.263	-0.721
C	0.281	0.426	0.391	-0.649
A	0.404	1.016	1.305	-0.135
U	0.514	2.148	2.993	0.827
U	-0.034	0.040	0.107	-0.530
U	-1.220	-0.237	-0.299	-0.295
C	0.649	-0.319	-0.080	-0.606
A	0.223	0.376	0.359	-0.581
U	-0.474	0.768	0.492	-0.514
C	0.696	-0.176	-0.063	-0.730
C	0.226	0.099	-0.040	-0.457
G	-0.417	-0.266	0.850	0.730
G	0.258	0.316	0.220	-0.745
A	0.390	0.298	-0.678	-0.615
G	0.018	0.200	-0.071	-0.889
U	-1.567	0.355	-0.774	-0.394
C	1.198	-0.471	0.169	-0.298
U	-0.813	0.680	0.667	-0.105
G	-0.054	0.011	0.167	-0.414
G	-0.464	0.315	0.223	-0.436
C	0.502	0.935	0.644	-0.088
C	2.001	-1.154	-0.180	0.100
G	0.234	0.138	1.048	0.505
C	0.537	0.304	-0.463	0.634
C	0.755	-0.169	-0.001	-0.677
C	1.090	-0.587	-0.156	0.174
U	-0.638	0.078	0.373	1.404
G	-0.267	0.192	-0.203	-0.904
A	-0.282	0.761	0.008	-0.443
C	0.630	0.730	-0.725	0.128
C	0.959	-1.193	-0.074	0.141
U	-0.967	0.203	-0.388	-0.524
U	-1.031	-0.239	0.339	0.701
C	0.793	-1.146	0.279	0.905
C	0.548	-1.521	-0.115	0.495
C	0.638	-0.040	-0.033	-0.485
C	1.039	-0.693	-0.410	-0.414
C	0.671	-0.524	-0.077	-0.417
A	0.794	-0.107	-0.118	-0.538
G	-0.069	0.078	0.051	-0.584
C	0.311	0.583	0.948	-0.136
C	1.065	-0.983	0.230	0.282
G	-0.193	0.092	0.168	-0.388
C	0.446	0.088	0.275	-0.206
C	0.636	-0.424	-0.017	-0.431
U	-0.998	-1.136	0.202	1.228
G	-0.678	0.164	-0.350	-0.902
C	0.724	-0.084	0.236	-0.464
A	0.528	0.469	-0.302	-0.382
G	0.153	-0.178	-0.260	-0.834
G	0.287	0.173	0.334	-0.482
G	0.141	-0.226	-0.077	-0.568
G	-0.177	0.141	0.137	-0.511
G	-0.337	0.086	-0.376	-0.980
C	0.278	0.078	-0.041	-0.557
G	-2.433	0.421	-0.350	-0.389
C	0.581	0.125	0.021	-0.606
C	-0.324	-0.589	0.218	0.234
A	0.780	1.967	-0.620	0.966
G	0.159	0.533	0.481	-0.585
A	0.508	1.410	1.500	0.242
G	-0.174	-0.562	-0.288	-0.420
G	-0.878	0.822	0.854	0.029
G	-1.510	0.370	-0.360	-0.673
C	0.292	0.261	0.133	-0.290
C	0.231	-0.127	0.448	0.472
G	-0.535	-0.757	0.312	0.564
G	0.350	1.690	2.659	0.919
A	-0.060	0.330	-0.340	-0.768
G	-0.295	0.299	0.161	-0.567
C	0.388	0.696	0.854	-0.372
A	-1.849	1.052	-1.031	-0.122
C	0.732	-0.037	0.158	-0.604
G	0.291	0.605	0.766	-0.369
G	0.413	1.059	1.371	-0.098
A	0.247	0.210	-0.140	-0.822
A	0.125	0.495	-0.201	-0.581
A	0.058	0.492	-1.000	-0.440
G	-0.505	0.424	0.115	-0.640
C	0.356	0.868	0.978	-0.122
A	-0.973	0.905	-0.170	-0.459
G	-1.218	0.754	0.429	-0.278
C	0.333	-0.266	-0.341	-0.636
G	-0.186	-0.328	0.037	-0.236
G	0.114	0.415	0.651	-0.262
A	-0.223	0.349	-0.146	-0.731
U	-0.958	0.566	-0.423	-0.482
C	1.575	-0.996	-0.158	-0.289
C	1.685	-1.762	-0.284	0.245
U	-4.192	0.864	-1.026	-0.369
U	-0.466	0.005	-0.657	0.508
G	0.065	-0.152	-0.030	-0.526
A	0.498	0.862	-0.161	0.050
U	-1.117	0.535	-0.240	-0.429
G	-0.840	0.161	-0.326	-0.787
C	1.046	0.430	0.229	0.458
U	-1.152	-0.118	-0.351	-0.243
G	-1.020	-0.142	-0.266	-0.365
C	0.537	0.250	-0.227	-0.541
C	1.181	-0.619	0.124	-0.210
U	-1.674	0.280	-0.483	-0.515
U	-0.916	-0.425	-1.086	1.435
A	0.660	0.335	-1.047	0.132
A	0.747	1.109	-1.025	0.392
G	0.253	0.739	0.939	-0.266
U	-3.382	0.740	-0.885	-0.231
C	0.957	-0.075	0.150	-0.150
C	0.454	0.013	-0.211	-0.790
G	-1.105	-2.968	0.486	2.976
G	-0.445	0.185	0.003	-0.606
C	0.275	0.528	0.645	-0.438
U	-2.930	-0.135	-1.025	0.606
C	0.228	-2.225	-0.115	1.711
A	0.386	0.925	-1.265	-0.049
G	3.286e-004	-0.212	-0.105	-0.569
A	0.607	1.685	2.195	0.508
G	0.159	-0.037	-0.232	-0.934
G	-0.051	-0.214	0.072	-0.343
G	-0.714	0.651	0.439	-0.372
G	-1.380	0.549	-0.186	-0.751
C	0.451	0.066	-0.221	-0.609
G	-3.621	0.955	-0.745	-0.825
C	0.342	0.247	-0.083	-0.565
A	0.190	0.473	-0.500	-0.502
G	-0.155	0.712	0.805	-0.226
C	4.078	-2.049	-0.290	1.634
G	-0.709	0.658	0.451	-0.366
U	-0.885	0.323	-0.043	-0.598
G	-1.717	0.195	0.438	0.393
G	-2.226	0.761	-0.353	-0.741
C	0.377	0.856	1.342	0.312
C	0.335	-0.108	0.747	0.260
U	-1.637	-0.612	0.081	1.306
G	-0.731	-1.504	0.617	1.681
G	-0.451	-0.375	0.607	0.564
G	0.062	-0.009	-0.116	-0.774
G	-0.698	0.265	0.019	-0.533
U	-2.002	0.617	-1.044	-0.385
C	0.810	-0.853	-0.287	0.341
G	-1.717	-1.129	-0.268	0.754
C	1.828	-0.918	0.008	0.266
U	-0.896	0.175	-0.238	-0.464
A	0.355	0.350	-0.523	-0.407
U	-0.516	0.100	-0.552	-0.695
C	2.863	-0.362	1.324	1.077
U	-0.460	0.040	-0.484	-0.377
U	-1.089	0.110	0.452	0.466
C	2.008	-1.293	-0.084	-0.028
C	0.482	0.071	0.201	-0.594
C	0.516	-0.365	-0.215	-0.459
A	0.145	0.159	-0.301	-0.617
U	-2.269	-0.296	-0.861	0.930
C	1.815	-1.777	-0.663	0.685
C	0.344	0.049	-0.107	-0.434
G	-0.742	-1.229	0.462	1.219
G	0.181	0.253	0.089	-0.813
A	-0.033	0.097	-0.346	-0.811
A	-0.037	0.225	-0.303	-0.594
C	0.730	-0.130	-0.441	-0.508
A	0.541	-0.033	-0.274	-0.551
U	-0.890	0.163	-0.610	-0.162
C	2.012	-1.602	-0.268	0.038
U	-0.757	0.133	-0.393	-0.194
G	-0.997	-0.753	-0.255	0.135
C	0.564	0.340	-0.445	-0.443
C	0.277	0.091	0.007	-0.322
C	1.149	-0.544	0.071	-0.335
U	-1.544	-2.048	-0.066	1.600
G	-0.104	-0.060	-0.165	-0.722
C	0.379	-0.005	0.049	-0.435
U	-0.515	0.023	-0.340	-0.369
G	-0.305	-0.449	0.082	-0.006
G	0.240	-0.302	-0.023	-0.445
G	-0.586	-0.745	-0.063	0.165
G	0.205	0.055	-0.091	-0.814
G	-0.558	-0.354	-0.085	-0.103
A	-0.934	0.147	-0.547	-0.960
C	0.393	0.154	0.197	-0.172
A	-0.858	0.623	-0.164	-0.469
C	0.883	-0.689	0.948	0.911
U	-1.628	-0.060	-0.028	0.033
A	-0.744	0.465	-0.524	-0.245
C	0.447	-0.780	-0.065	-0.111
G	-2.612	-3.355	0.691	4.006
G	-0.322	0.769	0.793	-0.168
G	-0.883	0.192	0.017	-0.410
C	0.295	0.376	0.453	-0.532
C	0.565	-0.067	-0.108	-0.616
U	-2.153	-0.411	-0.183	0.354
U	-2.661	-1.586	-0.287	2.341
C	0.419	-2.443	-0.098	1.404
C	-0.005	-0.681	0.255	0.519
C	0.831	-1.102	-0.163	-0.020
U	-1.795	0.033	0.019	0.077
U	-1.235	-0.923	-0.219	0.598
G	-0.641	-0.362	0.160	0.156
C	0.404	0.328	0.327	-0.185
C	0.191	-0.347	-0.160	-0.567
U	-1.254	-0.850	0.396	1.025
G	-1.767	-1.718	-0.039	1.447
A	0.383	0.700	-1.275	-0.258
G	-0.390	-0.890	-0.237	-0.014
G	-0.316	-0.630	-0.159	-0.171
G	0.277	0.410	0.526	-0.448
U	0.166	0.211	-0.255	-0.701
A	2.337	5.798	-7.452	5.443
G	0.184	0.202	0.224	-0.618
G	0.135	0.086	-0.157	-0.929
G	0.035	0.162	0.209	-0.481
U	-0.848	0.132	-1.489	1.130
C	2.011	-1.098	0.468	0.688
U	-3.245	0.300	-0.451	-0.105
C	0.703	0.220	0.668	0.223
A	0.607	0.280	-0.197	0.683
A	1.787	2.679	-3.503	2.738
G	0.435	-0.159	-0.226	-0.855
G	-0.087	0.580	0.748	-0.218
U	-0.826	0.809	-1.151	-0.073
C	1.033	0.008	0.093	-0.310
A	1.434	-0.877	0.196	0.656
C	2.092	-1.178	-0.075	-0.146
U	-3.010	0.617	-0.510	-0.528
U	-0.671	0.278	-0.495	0.209
G	0.036	-1.066	-0.312	0.097
C	1.112	-0.392	-0.326	0.444
C	0.894	-0.132	-0.720	0.457
C	0.743	-0.644	0.254	0.074
C	0.573	-0.110	-0.724	0.077
C	0.911	0.066	-0.190	-0.221
A	0.628	0.978	-1.214	0.117
G	0.248	-0.092	-0.231	-0.902
C	0.888	0.354	0.217	-0.046
U	-1.099	0.530	-0.135	-0.381
U	-0.481	0.012	-0.230	-0.054
G	-0.112	0.308	0.242	-0.556
A	-1.189	0.875	-0.217	-0.441
C	0.569	0.013	-0.173	-0.558
C	0.790	-0.339	-0.201	-0.087
U	-0.953	0.226	-0.586	0.431
G	-0.828	-0.916	-0.094	0.384
G	-0.425	0.009	-0.380	-0.801
C	0.339	0.826	1.102	-0.186
C	0.184	-0.157	0.320	0.059
G	-1.553	-2.291	0.446	2.393
G	0.137	0.260	0.281	-0.580
A	0.244	0.157	-0.380	-0.855
G	0.286	0.111	0.074	-0.735
U	-0.750	-1.040	-0.304	0.611
G	-0.632	-0.073	-0.037	-0.335
G	-1.063	-0.259	-0.337	-0.355
C	0.358	0.306	0.332	-0.402
U	-1.315	0.020	0.083	-0.031
A	0.009	0.506	-0.558	-0.296
U	-0.501	0.204	-0.744	-0.598
A	0.825	1.795	-1.911	0.995
G	0.107	-0.010	-0.227	-0.930
A	0.342	0.263	0.223	-0.713
G	-0.122	-0.549	-0.195	-0.346
G	0.128	0.215	0.361	-0.420
A	-0.130	0.680	0.560	-0.491
C	0.163	0.111	0.513	-0.182
U	-1.077	-0.143	-0.344	-0.481
U	-2.068	0.489	-0.518	-0.594
U	-0.598	-0.091	-0.735	0.584
G	-0.043	0.183	0.143	-0.566
U	-1.672	0.679	-0.414	-0.575
C	0.447	-0.279	-0.059	-0.346
C	0.270	-0.057	0.150	-0.484
C	0.472	-0.125	0.138	-0.484
U	-0.982	-0.446	-0.645	1.122
G	-0.611	-0.532	-0.060	-0.019
C	-0.087	-0.924	0.078	0.321
A	0.460	0.360	-0.961	-0.423
G	0.351	-0.084	-0.221	-0.912
A	-0.184	0.212	-0.110	-0.835
C	0.511	0.049	0.009	-0.591
U	-0.797	0.139	-0.337	-0.381
G	-1.338	-0.168	-0.195	-0.167
C	0.468	-0.386	-0.189	-0.410
A	-0.756	0.737	-0.722	-0.435
G	-1.431	0.215	-0.501	-0.817
C	0.374	0.147	-0.090	-0.763
A	-0.323	0.391	-0.616	-0.632
G	-0.800	0.111	-0.324	-0.779
C	0.359	0.234	-0.127	0.226
A	-0.516	0.538	-0.921	-0.642
G	-0.573	0.139	-0.415	-0.969
A	0.243	0.200	-0.130	-0.833
G	0.279	-0.031	-0.235	-0.972
A	0.395	0.704	0.691	-0.355
U	0.016	0.552	0.434	-0.597
G	0.236	0.208	0.053	-0.839
A	0.036	0.421	0.116	-0.632
C	0.498	-0.059	-0.079	-0.811
A	-0.247	0.452	0.269	-0.228
C	2.995	-1.883	-0.354	-0.038
U	-0.039	0.196	0.032	-0.323
G	0.116	-0.127	-0.085	-0.663
U	-1.150	0.465	-0.421	-0.436
C	0.855	0.005	-0.407	-0.061
U	-3.525	-1.237	-0.674	1.230
C	0.891	-0.218	-0.258	-0.332
U	-0.861	-0.610	-0.075	0.962
G	-0.518	-1.044	0.038	0.498
A	0.375	0.535	-0.799	-0.446
G	0.247	0.269	0.352	-0.541
U	-0.366	0.230	-0.628	-0.559
G	-1.240	0.077	-0.143	-0.358
C	-0.896	-2.198	0.180	1.820
A	-0.280	0.196	-0.541	-0.872
G	-0.365	0.167	-0.221	-0.881
A	0.205	0.058	-0.180	-0.970
G	0.233	-0.026	-0.269	-1.006
A	0.234	0.253	0.133	-0.774
U	0.184	0.300	0.450	-0.438
G	-0.663	-1.109	-0.080	0.483
G	0.010	0.082	0.275	-0.370
G	-0.570	-0.063	-0.321	-0.697
G	-1.011	0.420	0.036	-0.518
G	-1.933	0.434	-0.636	-0.943
C	0.315	0.315	-0.325	-0.549
A	0.100	0.429	-0.556	-0.625
G	0.140	0.237	0.235	-0.616
G	0.025	-0.130	0.029	-0.503
G	0.385	1.035	1.417	-0.013
A	-0.855	0.462	-0.481	-0.821
G	-1.404	0.914	0.526	-0.215
C	0.439	0.829	1.220	0.142
U	-1.304	0.480	0.087	0.204
G	-0.153	-0.093	0.344	-0.101
G	0.194	0.127	0.221	-0.554
G	0.517	1.664	2.389	0.531
A	0.355	0.192	-0.545	-0.728
G	0.314	0.697	0.895	-0.306
A	0.215	0.107	-0.103	-0.927
G	0.154	-0.073	-0.298	-0.978
G	0.085	-0.031	-0.182	-0.852
G	0.470	0.774	1.225	0.022
U	-0.628	0.712	-1.095	-0.275
U	-1.908	1.255	0.926	0.155
C	0.620	-0.239	0.101	-0.458
A	-0.065	2.073	1.216	1.003
A	-0.070	0.890	-0.817	-0.159
G	-0.717	0.169	-0.052	-0.471
C	0.276	0.290	0.309	-0.619
U	-2.356	0.298	-0.741	-0.575
A	-1.461	1.024	-0.490	-0.349
C	1.638	0.358	1.428	0.557
U	-0.944	0.202	-0.603	-0.454
G	0.239	-0.002	-0.007	-0.716
G	-0.172	0.267	-0.074	-0.871
A	-0.345	0.043	-0.381	-0.913
A	-0.792	0.652	-0.390	-0.637
C	0.585	-0.050	0.120	-0.602
A	0.126	0.162	-0.258	-0.574
G	-0.812	0.248	-0.092	-0.602
C	0.256	0.015	-0.120	-0.433
U	-2.217	-0.670	-0.372	0.377
U	-4.589	0.571	-0.845	-0.246
C	0.755	-0.717	0.139	4.490e-004
A	1.121	1.826	-2.512	1.254
G	0.160	0.353	0.357	-0.561
A	-0.563	1.285	0.131	-1.343e-004
A	-1.088	0.881	-0.392	-0.493
C	0.462	0.067	-0.303	-0.739
A	-0.847	0.343	-0.213	-0.768
A	-1.588	0.760	-0.062	-0.682
C	1.239	-0.416	-0.283	-0.439
U	-1.812	0.397	-0.572	-0.245
A	1.033	1.568	-2.151	0.937
G	-0.025	-0.169	-0.123	-0.626
G	0.145	0.020	0.157	-0.519
G	0.393	0.511	0.759	-0.292
U	-1.147	0.560	-0.841	-0.534
A	-1.933	0.642	-0.448	-0.908
C	0.452	-0.136	-0.225	-0.902
U	-2.162	0.449	-0.778	-0.377
A	0.848	1.713	-1.701	0.908
G	0.247	0.043	0.057	-0.683
G	0.157	1.173	1.811	0.415
A	-0.425	0.605	-0.217	-0.606
A	-0.416	0.823	0.437	-0.415
C	0.371	0.520	0.709	-0.378
U	-0.771	0.099	-0.280	-0.293
G	-1.210	0.217	0.030	-0.277
C	0.430	0.010	0.175	-0.555
U	-0.595	0.912	0.433	0.174
G	-0.138	-0.087	0.440	0.008
U	-0.216	0.236	-0.318	-0.893
G	0.266	0.586	0.811	-0.292
U	-1.811	0.872	-0.125	-0.576
C	0.400	0.030	-0.229	-0.823
A	0.059	0.228	-0.010	-0.858
G	0.014	0.006	-0.135	-0.790
G	0.135	-0.037	-0.149	-0.827
G	0.312	0.692	0.892	-0.305
A	0.234	0.111	-0.449	-0.895
G	0.138	-0.022	-0.125	-0.814
A	0.239	0.191	-0.319	-0.798
A	0.457	0.541	-0.408	-0.385
G	-0.192	-0.529	-0.115	-0.252
G	-0.007	-0.172	0.016	-0.461
G	-0.597	-0.018	0.241	-0.094
G	-1.633	0.051	-0.596	-0.690
C	0.313	0.119	0.928	0.499
U	-2.797	0.736	0.056	-0.062
C	1.148	-0.585	-0.030	0.051
A	-0.073	0.306	-1.125	0.362
A	1.621	0.866	-1.900	1.020
G	0.331	-0.572	-0.237	-0.426
G	0.238	0.526	0.836	-0.143
A	0.088	1.066	-0.518	0.117
C	0.550	0.486	0.750	-0.104
U	-1.687	0.160	0.030	0.163
C	0.879	0.704	0.850	0.192
G	-2.182	-0.568	-0.031	0.729
C	0.673	-0.169	-0.227	-0.456
A	0.768	0.085	-0.528	-0.295
G	-0.155	0.141	-0.085	-0.756
G	-1.071	0.619	-0.015	-0.725
C	0.248	0.217	-0.121	-0.817
C	0.453	-0.070	0.457	-0.150
U	-1.339	-0.036	0.585	1.052
G	-0.888	-1.356	0.054	0.954
G	-0.724	-0.855	-0.014	0.345
G	-0.579	-0.333	0.393	0.324
A	0.165	0.142	-0.453	-0.849
G	0.068	0.017	-0.310	-1.031
G	0.114	1.139	1.554	0.165
A	0.307	0.523	-0.816	-0.471
G	-0.269	-0.674	-0.172	-0.167
G	-0.574	-0.668	0.133	0.300
G	-0.565	-0.031	-0.103	-0.470
G	-2.090	0.356	-0.575	-0.735
C	0.228	-0.167	0.118	-0.410
C	0.752	0.794	1.771	0.546
U	-3.402	-0.220	-0.188	1.148
A	1.147	1.552	-1.646	1.123
G	-0.080	-0.298	-0.180	-0.500
G	-1.123	0.635	0.303	-0.299
C	0.511	0.826	0.865	-0.024
C	0.809	0.465	0.953	0.102
A	0.615	1.409	1.364	0.538
G	-0.845	-0.594	-0.377	-0.134
C	0.967	0.649	1.589	1.415
C	-0.715	-2.665	0.061	2.069
A	-1.718	0.838	-0.690	-0.388
U	-0.358	0.145	-1.156	0.917
G	-1.793	-2.503	0.330	2.540
G	0.001	0.149	0.194	-0.524
G	0.425	1.259	2.023	0.491
A	0.348	0.315	-0.688	-0.596
G	0.416	0.243	0.408	-0.478
U	-0.210	0.040	-0.398	-0.814
U	-0.070	1.039	1.743	0.540
G	0.628	0.825	2.606	1.591
G	-0.016	-0.585	-0.137	-0.196
G	-0.388	0.278	0.475	-0.056
U	-1.358	0.218	-0.437	-0.775
C	0.717	0.346	0.588	-0.196
A	-1.329	0.181	-0.712	-0.320
C	0.458	0.170	-0.207	0.080
C	0.690	-0.234	0.049	-0.061
U	-0.175	1.631	1.359	2.048
G	0.119	0.181	0.639	-0.086
U	-0.001	0.304	-0.012	-0.676
G	-0.141	0.212	0.084	-0.657
U	-1.554	0.684	-0.060	-0.417
C	2.634	-1.495	0.219	0.373
U	-0.126	0.443	-0.294	-0.187
G	0.155	0.090	0.405	-0.241
A	1.059	0.365	-1.052	0.062
G	0.422	-0.267	-0.280	-0.827
G	0.417	2.175	3.022	0.897
A	-0.905	0.379	-0.375	-0.714
C	0.285	0.080	0.548	-0.141
U	-2.273	1.520	0.971	0.132
U	-1.096	-0.181	0.192	0.421
G	-0.704	-1.068	0.204	0.764
G	-0.434	0.286	0.159	-0.514
U	-1.320	0.403	-0.449	-0.707
G	-1.285	0.839	0.288	-0.484
C	0.739	0.531	0.940	-0.200
U	-0.979	0.743	-0.041	0.051
G	-0.051	0.204	0.241	-0.505
U	-2.509	0.746	-0.763	-0.664
C	2.667	-1.739	-0.080	0.234
U	-1.044	0.508	-0.047	-0.456
G	-0.080	-0.082	0.512	0.054
G	0.417	0.812	1.038	-0.267
A	0.398	0.192	0.175	-0.717
U	0.002	-0.048	-0.221	-0.849
U	-0.735	0.145	-0.199	-0.689
U	-1.291	-0.459	-0.198	0.033
U	-4.277	0.663	-1.107	-0.234
G	-0.637	-0.572	-0.209	-0.003
C	0.549	-0.130	-0.219	-0.652
C	1.335	-0.693	0.318	0.054
A	0.581	-0.610	-0.751	-0.370
A	2.245	-0.802	-0.682	0.411
C	1.874	-0.304	0.631	0.482
C	1.255	0.292	0.303	1.506
U	-4.391	-0.497	-1.329	2.109
A	0.473	1.402	-1.588	0.579
G	-1.145	-1.543	0.031	1.146
G	-0.014	0.046	-0.047	-0.709
G	-1.155	0.271	-0.455	-0.921
C	0.801	0.804	1.279	0.210
U	-1.035	1.249	0.078	0.423
G	0.114	0.188	0.860	0.198
G	0.224	0.173	0.529	-0.235
G	-0.158	0.114	-0.265	-0.959
G	-0.735	0.768	0.875	0.043
U	-1.397	0.097	-0.438	-0.395
C	2.297	-1.423	0.196	0.359
A	-0.098	0.942	0.958	-0.262
G	-0.792	1.088	1.428	0.425
C	0.584	-0.124	-0.137	-0.262
U	-1.174	-0.670	0.125	0.809
G	-0.239	-0.336	0.185	-0.048
A	0.649	0.660	-0.954	-0.067
U	-0.670	1.523	0.788	0.120
G	-0.683	1.073	0.952	-0.154
C	0.358	0.057	0.098	-0.674
C	0.515	0.332	-0.107	-0.325
C	1.683	-0.856	-0.439	-0.214
A	1.769	-0.455	-0.610	0.475
C	2.123	-1.495	-0.301	-0.128
C	2.167	-1.157	0.143	0.664
A	2.472	-0.027	-1.294	1.189
C	1.296	0.193	0.231	0.047
G	0.017	-0.701	0.138	0.175
A	0.688	0.020	-0.548	-0.233
C	-0.186	-1.674	0.417	1.448
U	-3.523	-1.120	-0.427	1.498
C	-0.238	-0.738	0.028	0.716
C	0.856	-0.434	-0.563	-0.234
C	1.639	-0.816	0.681	0.830
G	-0.798	-1.636	-0.133	0.974
A	0.458	1.485	-1.784	0.972
G	-0.746	-0.328	-0.076	-0.114
C	1.078	3.161	0.532	2.431
C	-0.009	-0.611	0.133	0.077
U	-4.742	-3.788	-0.178	4.185
C	0.468	-0.837	-0.178	-0.198
C	-0.057	-0.827	-0.143	-0.040
A	0.678	1.165	-0.876	0.337
G	0.316	0.010	-0.146	-0.912
G	-4.892e-004	0.300	0.464	-0.349
A	-0.769	0.474	-0.064	-0.780
A	-1.225	0.478	-0.270	-0.825
C	0.352	0.152	0.080	-0.783
U	-0.339	-0.226	-0.194	-0.535
G	0.325	0.331	0.300	-0.680
A	0.577	0.052	0.142	-0.669
A	0.234	0.437	0.352	-0.276
A	-0.314	-0.042	-0.553	-0.660
C	0.973	0.398	1.960	1.087
C	1.002	-0.727	-0.221	-0.197
C	3.372	-2.041	0.056	0.511
U	-1.664	-1.464	-0.018	2.379
G	-0.257	-0.251	-8.547e-005	-0.287
U	-1.509	-0.087	-0.164	0.424
C	3.191	-2.316	-0.241	1.046
U	-1.056	-0.929	-0.013	0.823
G	-0.568	-2.430	0.026	1.832
C	1.042	-0.545	-0.554	1.689
C	0.635	-1.396	-0.257	1.038
C	2.296	-1.809	0.862	2.401
C	1.112	-0.955	-0.267	-0.048
C	-0.125	-2.138	-0.057	2.210
A	0.456	0.867	-0.807	-0.076
G	0.141	-0.090	-0.290	-0.949
G	0.084	0.285	0.771	-0.016
G	0.552	1.268	2.044	0.538
U	-2.410	0.334	-0.253	-0.240
C	3.920	-2.305	0.480	1.132
U	-1.394	0.951	1.359	1.254
G	0.550	-1.626	0.180	1.017
G	0.043	0.836	2.707	1.808
G	0.008	-0.263	-0.019	-0.404
G	0.089	-0.019	0.058	-0.587
A	0.340	0.225	-0.568	-0.715
A	0.358	1.058	0.857	-0.076
G	0.124	0.048	-0.236	-0.994
G	0.164	1.400	1.734	0.137
A	0.199	0.236	-0.653	-0.774
G	0.070	-0.184	-0.296	-0.837
G	-0.507	0.243	0.132	-0.481
C	0.659	1.190	2.209	0.723
U	-0.522	1.600	1.202	0.199
G	-2.576	-0.347	0.842	1.649
C	1.191	-0.985	-0.370	-0.147
U	-1.000	0.164	-0.202	-0.300
G	-0.135	0.098	0.119	-0.524
A	0.355	0.596	-0.070	-0.443
G	0.468	1.324	1.782	0.134
U	0.141	-0.080	-0.268	-0.932
A	1.158	3.006	-2.088	2.118
G	0.252	0.453	0.559	-0.466
A	0.129	0.417	-0.767	-0.268
A	-0.622	0.023	-0.717	-0.797
C	0.972	-0.434	-0.009	-0.492
C	1.275	-1.337	0.005	0.294
A	1.523	-0.971	-0.315	-0.439
A	0.596	-0.156	-0.621	-0.214
C	1.311	-0.887	0.003	-0.137
C	0.842	-1.173	-0.005	0.232
C	0.510	-0.357	0.026	-0.412
C	-0.009	-0.070	-0.373	0.015
A	0.275	1.108	-1.144	0.087
G	0.197	0.104	-0.090	-0.888
G	0.170	-0.249	0.221	-0.197
U	-0.324	-0.010	-0.251	-0.786
U	0.037	0.205	-0.464	-0.658
A	0.208	0.195	-0.191	-0.201
C	1.271	-1.280	-0.364	-0.201
C	1.093	-0.589	-0.100	-0.484
A	1.182	-0.782	-0.545	-0.379
A	1.782	-0.885	0.074	-0.095
C	1.480	-0.467	-0.675	-0.258
C	1.290	-0.679	-0.283	0.076
C	0.887	-0.607	0.115	0.206
C	2.327	-1.449	0.183	0.360
A	2.180	-0.123	0.318	0.941
C	1.419	0.030	-1.201	0.530
C	1.189	-1.285	-0.035	0.218
U	-0.960	-0.196	-0.738	-0.205
C	1.457	-1.583	-0.039	0.425
A	1.650	-0.626	-0.965	-0.097
G	0.003	-1.028	0.221	0.676
C	0.297	-0.040	0.325	0.840
C	1.948	-1.932	-0.439	0.156
A	0.528	-0.508	-0.609	-0.491
C	2.125	-1.063	-0.677	0.522
C	0.759	-0.763	-0.324	0.231
C	0.981	-1.751	-0.517	1.232
C	2.372	-2.189	0.118	0.960
U	-1.636	0.151	-0.463	-0.276
U	-1.220	-0.648	-0.184	1.247
G	-0.538	-1.031	-0.330	0.147
C	1.228	-0.414	0.263	-0.245
C	0.878	-0.683	-0.244	-0.519
A	0.843	0.386	-0.301	-0.052
G	-0.321	-0.023	0.173	-0.240
C	0.845	0.456	0.634	-0.154
C	0.678	-0.118	-1.036e-004	-0.705
A	0.243	0.792	-0.165	-0.079
A	-0.627	0.579	-0.710	-0.594
A	0.146	0.183	-0.443	-0.550
G	-0.351	0.553	0.467	-0.383
C	0.585	0.236	0.578	-0.321
A	0.445	0.240	0.061	-0.518
A	0.539	-0.183	-0.072	-0.626
A	-0.051	-0.050	-0.532	-0.706
C	1.215	-0.271	0.326	0.062
A	1.234	0.173	-1.001	0.199
G	0.023	-0.421	-0.066	-0.311
G	-0.194	0.180	0.094	-0.519
C	0.223	0.267	0.005	-0.589
C	1.063	-1.888	0.022	0.876
C	1.430	-0.925	0.075	-0.042
G	-2.738	-5.971	0.486	6.153
G	-0.280	-0.478	-0.272	-0.378
C	0.248	0.212	0.128	-0.392
C	0.407	-0.391	0.446	0.147
C	1.830	-0.991	0.354	0.256
G	-5.171	-6.757	1.287	8.511
G	-0.434	0.181	-0.133	-0.747
C	0.327	1.040	1.636	0.256
A	-0.802	0.299	-0.212	-0.728
C	-0.040	-0.842	0.357	0.568
U	-1.728	-1.576	0.070	1.438
G	-1.299	-3.606	0.228	3.320
G	-1.529	-2.031	0.375	2.087
G	-1.303	-1.705	0.340	1.687
G	-0.008	-0.520	0.220	0.134
G	0.070	0.188	0.846	0.465
U	-1.083	0.433	-0.888	-0.451
U	-1.555	-0.776	0.356	1.037
C	0.964	-1.575	-0.055	1.311
C	1.783	-2.365	-0.437	0.600
U	-1.458	-0.722	-0.538	0.310
U	-2.243	-0.139	1.682	3.071
C	1.770	-1.070	0.090	0.398
U	-1.621	0.747	-1.512	0.126
C	2.578	0.098	1.228	1.267
G	-0.175	0.436	0.366	-0.487
A	-1.309	0.791	-0.513	-0.619
A	-1.407	1.180	0.113	-0.117
C	0.557	-0.158	0.208	-0.390
C	-0.890	-2.443	0.323	2.968
A	0.499	1.366	-2.000	0.646
G	-0.014	-0.558	-0.097	-0.246
G	0.096	0.227	0.181	-0.652
A	0.339	0.161	-0.546	-0.765
G	0.242	0.144	0.197	-0.591
U	-0.338	0.185	-0.685	-0.752
U	-1.920	0.442	-0.386	-0.677
C	2.022	-1.797	-0.342	0.129
A	1.469	-0.448	0.091	-0.027
G	-0.714	-0.759	-0.294	0.023
C	1.297	0.575	1.431	1.003
C	1.372	-1.330	-0.123	0.111
U	-1.251	-0.034	0.335	0.999
C	1.000	-1.512	-0.348	1.214
C	1.081	-0.693	0.464	0.289
C	0.766	0.031	0.281	-0.528
C	0.920	-0.542	0.194	-0.135
U	-1.034	-0.285	1.320	2.273
G	-0.113	-0.024	-0.205	-0.756
A	-0.927	0.480	-0.741	-0.804
C	0.701	0.461	0.140	0.420
C	0.541	-1.897	-0.046	1.286
C	1.322	-1.312	-0.176	0.042
G	-2.559	-2.030	0.160	2.387
C	1.799	-2.224	-0.712	1.646
A	0.580	0.615	-1.174	-0.197
G	0.205	0.254	0.268	-0.618
A	0.235	0.532	-0.080	-0.530
A	0.349	0.367	0.371	-0.634
U	-0.321	-0.069	-0.151	-0.622
C	1.133	-0.045	0.503	-0.279
U	-0.975	-0.211	-0.182	-0.280
U	-1.499	-0.047	-0.470	0.191
C	3.333	-0.089	2.272	1.728
U	-0.553	0.552	-0.129	-0.273
G	0.067	-0.104	-0.113	-0.688
A	0.233	0.748	-0.589	-0.295
U	-0.574	0.109	-0.494	0.759
C	0.023	-1.538	-0.259	0.838
C	0.638	-0.237	-0.136	-0.365
C	1.942	-1.152	-0.410	-0.166
A	1.273	-0.670	-0.661	-0.267
C	1.398	-1.134	-0.318	0.066
C	1.521	-0.993	-0.627	0.278
C	3.363	-2.076	-0.470	1.018
G	0.298	-0.690	0.098	0.090
C	-0.350	-0.688	0.545	1.094
U	-2.526	-0.953	-0.151	0.989
C	-0.047	-0.692	-0.165	0.478
C	-0.073	-0.362	-0.042	0.018
A	-0.097	0.484	-0.301	-0.584
G	0.060	0.018	-0.149	-0.844
G	0.084	0.145	0.051	-0.729
A	0.321	0.624	-0.633	-0.189
G	-2.069	0.661	-0.122	-0.479
C	0.758	1.209	1.594	0.301
C	0.212	-0.057	0.581	0.044
A	0.650	2.177	-3.016	1.343
G	0.115	-0.166	-0.038	-0.571
G	0.164	0.072	0.336	-0.357
A	0.366	0.661	-0.618	-0.243
A	-0.022	0.538	-0.776	-0.537
U	0.735	3.054	4.414	1.623
G	0.176	0.307	0.492	-0.392
A	1.059	1.827	-2.080	1.150
G	0.203	0.440	0.703	-0.271
U	-2.784	0.520	-1.118	-0.224
C	0.553	-0.428	-0.137	-0.201
C	0.607	-0.044	-0.077	-0.494
C	0.295	0.607	0.536	-0.295
A	1.098	2.765	-1.785	2.059
G	0.224	0.149	-0.038	-0.891
U	-0.902	0.377	-0.659	-0.329
C	1.393	-0.356	-0.381	-0.047
U	-1.457	-0.377	-0.196	0.711
C	2.619	-1.312	0.149	0.477
U	-2.461	-1.023	-0.233	1.269
C	1.089	-1.271	-0.059	0.200
C	0.996	-0.825	-0.229	0.301
C	0.465	-0.379	-0.311	-0.423
A	0.443	0.548	-0.480	-0.390
G	0.314	0.214	0.130	-0.771
U	-0.343	0.217	-0.649	-0.721
U	-1.662	0.105	-0.565	-0.360
C	1.876	-1.254	-0.254	0.123
U	-2.681	0.442	-0.808	-0.858
C	0.624	-0.152	-0.383	-0.763
A	-1.274	0.501	-0.425	-0.599
C	0.998	-0.304	-0.364	-0.350
U	-0.555	-0.111	-0.318	-0.349
G	0.408	-0.008	0.146	-0.535
U	0.010	-0.080	-0.172	-0.769
G	0.017	0.315	0.708	-0.087
U	-0.034	-0.047	-0.301	-0.928
G	0.251	0.141	0.808	0.122
G	0.399	-0.046	0.086	-0.570
U	0.114	0.511	-0.299	-0.217
U	0.114	0.286	-0.137	-0.408
U	-0.157	0.521	0.486	-0.111
U	-1.106	0.064	-0.510	-0.499
G	-1.515	0.136	-0.114	-0.217
C	1.104	0.508	0.559	0.315
C	0.081	-0.154	0.100	-0.410
A	-0.254	0.344	0.076	-0.684
U	-0.840	-0.042	-0.200	-0.494
U	-1.008	0.271	0.308	0.235
C	0.509	-0.716	-0.123	-0.255
G	0.390	0.152	0.213	-0.581
U	-1.435	0.085	0.217	0.437
C	1.930	-1.276	0.246	0.707
U	-1.063	0.610	-0.009	-0.399
U	-0.552	-0.342	0.100	-0.016
G	-1.448	-0.260	-0.005	0.211
C	0.606	-0.509	0.140	0.193
U	-1.615	0.335	0.033	-0.229
G	-2.273	-0.718	-0.122	0.740
C	1.786	0.005	1.038	1.552
U	-1.238	0.333	-0.498	-0.657
G	0.248	0.003	-0.183	-0.916
A	-0.007	0.289	-0.100	-0.572
A	0.075	0.499	-0.935	0.024
C	1.784	-1.185	-0.253	0.062
C	3.181	-1.945	-0.113	0.265
A	-0.950	0.861	0.110	-0.513
C	0.690	0.441	-0.398	0.357
G	-2.079	-3.147	0.888	3.832
G	0.309	1.167	1.626	0.147
G	0.315	0.328	0.320	-0.634
U	0.238	0.786	-0.833	-0.060
U	0.137	0.453	-0.183	-0.619
U	-0.251	0.106	-0.158	-0.466
C	2.089	-1.049	-0.299	-0.188
U	-2.448	-0.745	-0.094	1.181
C	1.083	-0.710	0.385	0.210
C	0.241	-0.757	-0.264	-0.321
U	-1.667	-0.550	-0.186	0.599
C	2.656	-1.027	-0.608	0.323
U	0.004	3.218	4.569	1.957
G	0.099	0.419	0.518	-0.381
A	0.328	-0.029	-0.061	-0.712
A	-0.323	0.584	-0.187	-0.511
A	0.005	0.083	-0.687	-0.314
C	0.748	-0.074	0.454	-0.220
A	0.257	0.432	-0.079	-0.477
U	-1.185	0.166	-0.301	-0.645
C	1.176	-0.738	-0.245	-0.539
U	-1.615	0.519	-0.511	-0.026
G	-0.608	-0.842	0.149	0.519
G	0.098	0.090	0.273	-0.434
G	0.053	-0.129	-0.068	-0.627
A	0.417	0.321	0.091	-0.602
U	0.086	0.085	-0.052	-0.798
U	-0.335	0.158	-0.167	-0.823
U	-1.941	0.412	-0.750	-0.731
A	0.494	0.648	0.091	-0.234
U	-0.112	0.010	-0.260	-0.896
A	0.025	0.210	-0.001	-0.791
A	-0.728	0.370	-0.637	-0.686
C	0.768	0.186	0.661	-0.219
A	0.442	-0.121	-0.449	-0.836
G	0.029	-0.174	-0.129	-0.636
G	-0.133	0.484	0.560	-0.338
G	-0.676	0.144	-0.486	-1.029
C	0.515	-0.131	-0.162	-0.847
U	-0.801	0.138	-0.037	-0.471
U	-0.541	0.900	-1.256	0.615
A	2.343	4.865	-6.802	4.797
G	0.034	-0.088	-0.305	-0.911
G	0.329	0.652	0.741	-0.452
A	0.295	0.359	-0.231	-0.666
A	0.286	0.615	0.717	-0.403
A	0.536	0.921	-0.332	-0.036
G	0.390	0.946	1.197	-0.196
U	-0.104	0.267	-0.039	-0.858
G	0.295	0.232	0.171	-0.719
A	-0.633	0.290	-0.463	-0.799
C	0.282	0.091	-0.066	-0.883
A	0.013	0.752	-0.305	-0.269
G	-0.668	1.151	1.094	-0.062
C	0.466	-0.067	-0.119	-0.843
G	-0.720	-0.384	-0.083	-0.110
U	-1.812	0.204	-0.412	-0.244
C	3.826	-1.920	0.116	1.028
U	-1.148	-0.717	0.290	1.055
G	0.033	0.026	0.221	-0.371
A	-0.924	0.903	-0.021	-0.370
G	-1.012	0.574	0.565	-0.041
C	0.202	-0.170	-0.274	-0.533
G	-0.037	-0.854	0.168	0.352
U	-0.446	0.197	-0.335	0.203
U	-1.090	0.360	-0.503	-0.405
C	0.885	-0.591	-0.297	-0.669
A	-1.369	0.341	-0.487	-0.379
C	2.601	-2.178	-0.426	0.245
U	-0.772	-0.473	-0.013	0.388
G	-0.104	-0.373	0.548	0.391
U	-0.376	0.238	-0.601	-0.730
G	-1.372	-0.409	-0.225	0.008
G	-1.460	0.221	-0.492	-0.712
C	0.313	-0.005	-0.281	-0.714
C	0.443	-0.201	0.062	-0.161
U	-0.457	-0.077	0.215	0.184
G	-0.159	0.193	0.297	-0.388
U	-3.780	0.997	0.734	1.511
C	0.789	-0.690	-0.287	-0.195
C	0.175	-0.238	-0.102	-0.595
A	0.151	0.071	-0.105	-0.828
U	-1.050	-0.052	-0.188	-0.389
U	-0.599	0.358	0.314	-0.330
G	-1.584	-0.196	0.614	0.881
C	-0.122	-1.229	0.045	0.573
U	-1.403	0.633	-0.311	-0.606
A	0.298	0.719	-0.825	-0.193
G	-0.435	0.003	0.087	-0.256
C	0.671	1.503	1.916	0.436
C	0.502	0.218	0.478	-0.404
C	2.030	-1.325	-0.449	-0.440
U	-0.645	-0.246	-0.384	-0.267
A	0.439	-0.043	-0.550	-0.594
A	1.136	0.169	0.420	0.249
C	1.098	-0.820	-0.229	-0.425
A	0.503	0.291	-0.289	-0.241
U	-0.713	1.247	-2.203	0.648
A	0.713	0.212	-0.867	-0.280
G	-0.043	-0.131	-0.309	-0.803
G	0.424	1.394	2.052	0.418
A	-2.028	0.631	-1.209	-0.592
C	0.733	-0.161	0.168	-0.478
C	1.390	-1.107	-0.206	0.844
G	-1.739	-0.631	-0.119	0.474
C	1.675	-0.822	-0.314	0.071
U	-1.899	-0.673	0.087	1.124
G	-0.427	-0.639	0.021	0.105
U	-0.725	0.087	-0.297	-0.758
G	0.159	0.305	0.152	-0.774
U	-1.002	0.409	-0.551	-0.508
G	-2.105	1.022	0.342	-0.246
C	0.368	0.038	-0.355	-0.839
C	0.304	0.536	0.561	-0.553
A	0.152	0.212	-0.537	-0.766
G	0.147	-0.029	-0.174	-0.869
G	-0.382	0.279	0.026	-0.668
G	-0.762	0.188	-0.438	-0.958
C	0.407	0.218	-0.078	-0.681
U	-0.602	-0.443	-0.019	-0.049
G	0.385	-0.357	-0.049	-0.470
U	-2.574	0.528	-0.599	-0.396
C	0.385	-0.245	-0.373	-0.598
C	0.342	-0.717	-0.045	-0.122
U	-4.376	-1.358	-0.860	1.595
C	0.854	-4.060	0.150	3.476
C	0.643	1.000	1.609	0.879
A	0.163	1.210	1.304	0.247
U	-0.303	1.278	1.021	-0.037
G	-0.035	-0.108	-0.175	-0.702
C	1.260	-0.908	-0.385	-0.569
U	-2.185	0.670	-0.538	-0.934
C	1.876	-0.218	1.112	0.432
A	-0.267	0.812	-1.160	0.088
A	0.676	0.313	-0.844	-0.163
U	0.259	0.897	0.198	0.205
A	0.438	1.196	-1.133	0.610
C	0.899	-0.488	-0.131	-0.569
A	-0.127	0.076	-0.951	0.066
C	0.685	-0.435	-0.246	-0.705
G	-0.355	-1.599	-0.474	0.573
U	-1.784	-0.621	-0.577	1.015
U	-1.621	0.146	-0.329	-0.486
A	-0.373	0.725	-0.610	-0.249
G	-0.920	0.036	-0.420	-0.763
C	0.785	1.426	2.079	0.699
U	-1.786	0.334	-0.652	-0.947
U	-0.358	0.523	-0.719	-0.633
G	0.071	-0.557	-0.240	-0.364
U	-0.475	0.737	-0.903	-0.449
C	1.132	-0.332	-0.517	-0.460
A	-1.321	-0.777	-1.500	-0.279
C	3.857	-2.303	0.024	0.599
C	0.843	-0.174	-0.052	-0.379
A	0.414	0.286	0.465	-0.388
A	0.445	1.031	-0.131	0.091
A	0.583	0.076	-0.764	-0.613
C	0.666	-0.023	0.119	-0.648
A	0.780	0.350	0.109	-0.271
U	-0.225	-0.234	-0.139	-0.511
A	-0.714	0.424	-0.524	-0.462
C	0.981	-0.378	-0.384	-0.627
C	0.717	-0.358	-0.411	0.502
C	1.999	-0.806	0.411	0.113
G	-0.659	-1.049	-0.148	0.357
U	-0.456	0.009	-0.269	-0.769
G	-0.786	-0.095	0.590	0.437
C	0.539	-0.397	-0.322	-0.797
C	1.970	-0.949	0.250	0.425
G	-2.771	-0.433	-0.462	0.314
C	1.021	-0.007	-0.090	0.122
U	-1.321	0.187	-0.144	1.006
G	-0.639	-0.505	0.157	0.280
C	0.632	-0.334	-0.516	0.004
U	-1.193	-0.350	-0.389	0.016
U	-1.322	0.277	-0.455	-0.497
U	-2.572	-0.829	-0.535	0.822
C	1.829	-1.665	-0.026	0.429
C	0.289	0.287	0.384	-0.529
C	0.348	0.120	-0.088	-0.583
A	0.699	0.851	-0.985	0.135
G	0.023	0.093	-0.224	-0.977
U	-1.751	0.420	-0.207	-0.521
C	3.038	-1.439	-0.222	0.748
U	-1.193	-0.789	-0.005	0.488
G	-0.134	-0.454	-0.148	-0.375
A	0.422	-0.014	-0.365	-0.832
U	-1.456	0.725	0.078	-0.563
G	0.037	-0.196	-0.167	-0.678
A	-0.579	0.519	-0.716	-0.641
G	-0.978	0.092	-0.407	-0.773
C	0.366	0.119	0.047	-0.794
A	-0.274	0.727	0.263	-0.490
A	-0.074	0.250	-0.246	-0.707
A	0.508	0.056	-0.704	-0.577
G	0.042	-0.337	-0.175	-0.558
G	-0.108	0.076	-0.158	-0.836
A	-0.427	0.824	0.325	-0.441
A	-1.198	0.442	-0.354	-0.928
C	0.318	0.006	-0.263	-0.699
U	-1.889	0.571	-0.225	-0.612
U	-0.504	-0.181	-0.597	0.391
G	-0.382	-0.404	0.099	-0.034
A	0.213	0.221	-0.406	-0.661
U	-0.431	0.763	-0.420	0.125
G	-0.976	0.146	-0.069	-0.444
C	0.654	0.886	1.350	0.970
U	-3.317	0.113	-0.254	0.628
C	-0.058	-0.989	0.382	1.080
A	0.238	0.296	0.206	-0.723
G	-0.006	0.030	-0.062	-0.668
A	0.305	0.401	-0.192	-0.628
G	0.122	0.107	-0.151	-0.945
A	0.303	0.172	0.063	-0.810
G	-0.110	-0.446	-0.262	-0.508
G	-0.237	0.018	0.065	-0.450
A	-0.429	-0.148	-0.478	-0.711
C	0.673	-0.460	-0.135	-0.547
A	-1.171	0.530	-0.934	-0.214
A	1.421	2.523	-3.359	2.203
G	0.022	0.723	0.844	-0.270
U	-1.166	0.778	-1.071	0.018
C	0.775	-1.377	0.080	1.590
A	-0.801	0.128	-0.349	-0.685
U	-0.558	0.238	0.001	-0.297
U	-0.464	0.868	0.551	0.158
U	-0.992	-0.165	-0.400	0.144
G	-1.228	-0.863	-0.267	0.384
C	0.831	0.507	-1.172	0.151
C	0.461	0.057	0.565	-0.140
C	0.929	0.174	0.947	0.095
A	0.088	1.021	-1.966	1.100
A	1.742	1.554	-2.204	1.592
G	0.506	0.110	0.195	-0.625
G	-0.824	0.265	-0.056	-0.573
U	-1.161	0.607	-1.058	-0.125
C	0.803	-0.118	-0.187	-0.591
A	-1.348	0.175	-0.593	-0.800
C	1.236	-0.209	0.545	-0.102
A	-1.602	0.710	-0.101	-0.148
C	0.585	-0.010	0.125	-0.270
A	0.028	0.303	0.139	-0.706
G	-0.627	-0.407	-0.032	-0.037
C	0.548	-0.036	0.238	-0.094
U	-0.692	1.063	0.870	0.424
G	-0.938	-0.499	1.041	1.350
G	-0.444	-0.019	-0.085	-0.509
C	0.442	0.293	0.886	0.029
A	-0.021	0.531	0.599	-0.260
A	-0.924	0.312	-0.862	-0.755
C	3.007	-2.225	-0.286	0.359
U	-0.592	0.653	0.495	0.326
G	-0.962	0.054	-0.286	-0.608
G	-1.409	0.121	-0.598	-0.859
C	-0.095	-0.389	0.207	-0.021
A	0.764	1.289	-0.971	0.457
G	0.195	0.009	-0.256	-1.013
A	0.378	1.209	1.125	0.303
G	-2.539	-0.113	-0.655	-0.250
C	0.627	0.384	-0.255	-0.363
C	0.262	-0.016	0.121	-0.555
A	0.623	1.319	-1.540	0.439
G	0.128	0.145	-0.094	-0.913
G	0.173	0.369	0.252	-0.718
A	0.383	0.565	0.411	-0.398
U	-0.042	-0.127	-0.104	-0.632
U	-0.975	0.402	0.376	-0.145
C	1.654	-1.054	-0.412	-0.558
A	0.226	-0.124	-0.203	-0.193
C	0.901	-0.191	-0.216	-0.561
G	-0.424	-0.469	-0.354	-0.369
C	1.269	0.069	0.470	-0.077
C	0.971	1.669	3.248	1.445
C	0.621	-0.109	0.209	-0.071
U	-1.562	-0.286	-0.339	0.213
G	-1.786	-2.090	-0.116	1.673
G	-0.535	-0.414	-0.345	-0.458
C	-0.122	-0.270	0.232	-0.095
A	0.350	0.295	-0.036	-0.674
A	0.178	0.342	-0.092	-0.719
U	-0.429	-0.281	0.135	-0.075
U	0.033	0.540	0.136	-0.584
U	-0.060	0.962	-0.678	0.050
G	0.496	-0.307	0.037	-0.403
A	0.567	0.522	-0.916	-0.101
C	0.405	-0.133	0.154	-0.076
U	-3.296	-0.831	-0.291	1.033
C	0.415	-0.690	0.029	-0.076
C	0.334	0.036	-0.218	-0.647
A	0.899	2.367	-3.107	1.588
G	0.214	0.102	-0.111	-0.931
A	0.825	2.189	-0.248	1.157
A	0.071	0.345	-0.154	-0.737
U	-0.610	-0.359	-0.331	-0.473
C	0.808	0.046	0.014	-0.472
C	2.614	-1.746	0.072	0.436
U	-0.871	0.366	-0.613	-0.906
A	1.045	-0.556	-0.905	-0.079
A	0.481	-0.231	-0.022	-0.424
C	2.031	-2.297	-0.344	0.989
C	3.035	-2.008	-0.425	0.379
U	-1.261	0.541	0.280	-0.256
U	-2.013	0.105	-0.827	-0.093
A	0.486	-0.489	-0.388	-0.632
A	0.256	0.014	-0.133	-0.292
C	0.909	-0.991	-0.051	-0.008
C	1.374	-1.125	0.341	0.475
C	0.494	0.521	-1.533	0.857
A	0.527	0.744	-0.881	-0.156
G	0.204	0.055	-0.185	-0.973
A	0.475	1.202	0.977	0.077
A	0.027	0.384	-0.902	-0.392
G	-1.281	0.535	-0.263	-0.868
C	0.614	0.014	-0.186	-0.654
A	-1.583	0.928	-0.323	-0.370
C	0.521	-0.064	-0.002	-0.330
G	-3.667	-6.367	0.873	7.264
G	-0.637	-1.152	-0.122	0.483
C	0.779	-1.140	0.245	0.515
U	-1.189	-1.030	-0.307	0.338
U	-1.947	-0.132	-0.368	-0.171
C	3.054	-2.405	-0.235	0.577
A	1.006	-0.440	-0.566	0.259
A	1.721	1.369	-2.013	1.703
G	0.512	-0.272	0.110	-0.352
C	0.828	1.816	0.891	0.840
C	-1.186	-2.021	0.355	1.934
C	0.595	-0.021	0.059	-0.705
C	2.191	-1.070	-0.020	0.581
U	-0.044	0.554	-0.724	0.745
G	0.371	0.476	0.919	-0.086
G	0.184	0.368	0.606	-0.315
A	0.382	0.468	-0.046	-0.453
A	-0.503	0.350	-0.348	-0.691
A	-0.677	0.672	-0.944	-0.447
C	0.084	0.478	0.478	0.616
C	1.182	-0.914	-0.407	-0.212
A	0.393	-0.229	0.046	-0.252
C	0.301	0.246	-0.678	-0.287
A	0.824	0.613	-0.764	-0.006
A	0.903	1.747	1.573	0.957
U	-0.239	0.080	-0.206	-0.841
A	-0.754	0.454	-1.176	-0.497
C	0.857	0.455	-0.635	-0.100
C	2.070	-0.983	0.600	0.486
U	-1.171	-0.975	0.436	1.516
G	-0.258	-1.291	0.051	0.707
U	-2.159	-0.916	-0.830	1.135
G	-1.336	-1.633	-0.128	1.200
G	-0.944	-0.187	-0.413	-0.561
C	0.671	0.251	0.562	0.018
A	0.588	0.773	-0.845	0.306
G	-0.521	-0.087	-0.157	-0.485
C	0.507	-0.124	-0.036	0.049
C	0.462	-0.413	-0.038	-0.424
A	-0.022	0.164	-0.363	-0.753
G	0.018	-0.506	-0.142	-0.337
G	0.253	0.493	0.645	-0.401
G	0.204	-0.115	0.142	-0.424
G	0.360	0.803	0.974	-0.321
G	0.374	0.871	1.080	-0.261
A	0.416	0.208	-0.104	-0.680
G	0.135	0.212	0.006	-0.856
G	0.111	0.591	0.541	-0.545
U	-0.530	0.419	-0.476	-0.579
G	-0.977	0.441	0.802	0.329
C	0.999	0.882	1.842	0.490
U	-0.123	1.411	1.166	0.325
G	0.292	0.687	0.950	-0.226
G	0.317	1.021	1.627	0.266
A	0.248	0.263	0.138	-0.791
A	0.478	1.876	2.584	0.595
U	-0.286	0.308	0.454	-0.253
C	0.701	-0.586	-0.030	-0.311
U	-1.709	0.486	0.492	0.212
C	0.535	-1.622	0.258	1.038
A	0.062	1.159	1.398	0.026
U	-0.912	0.003	-0.006	0.534
U	-1.934	-0.849	-0.387	0.394
U	-2.872	-1.178	-0.608	1.182
C	-0.517	-2.037	-0.298	1.433
A	-1.531	0.411	-1.286	-0.453
C	0.592	-0.198	0.227	-0.339
A	-1.498	0.601	-0.780	-0.539
U	-1.993	0.051	-0.727	-0.310
G	0.108	0.293	0.284	-0.593
U	-0.142	0.272	-0.345	-0.381
G	-1.266	-1.049	0.168	0.950
G	0.003	-0.232	0.268	-0.117
G	-0.437	-0.591	0.103	0.166
G	-0.755	-0.393	0.381	0.430
A	0.413	0.640	-0.934	-0.330
G	0.066	-0.172	-0.215	-0.765
G	-0.522	-0.986	0.013	0.405
G	-0.141	-0.093	-0.200	-0.730
G	-0.260	-0.093	-0.254	-0.745
G	-0.400	-0.100	-0.300	-0.719
C	0.133	0.082	-0.140	-0.502
U	-2.248	0.046	-0.358	-0.187
C	0.853	-0.086	0.133	0.205
C	0.679	-0.148	0.362	-0.245
C	0.142	-0.549	-0.326	0.256
C	0.602	-0.503	-0.250	0.216
U	-1.428	-0.849	0.462	3.177
G	-0.335	-0.158	0.333	0.030
U	-0.627	0.317	0.694	0.152
G	-0.348	1.126	1.481	0.294
C	0.445	1.658	2.629	0.840
U	-2.548	0.014	-0.574	-0.289
C	1.751	-0.895	-0.372	0.130
A	2.415	1.600	-1.175	2.836
A	1.607	1.219	-0.931	1.403
G	0.589	-0.596	-0.268	-0.538
G	-0.026	0.379	0.391	-0.470
U	-1.131	0.634	-1.696	0.444
C	1.922	-1.027	-0.490	-0.306
A	0.603	-1.084	-0.918	-0.065
C	1.113	-0.686	-0.529	-0.480
A	-0.571	-0.274	-0.836	-0.410
A	1.338	-0.549	-0.285	0.265
C	5.075	-3.150	-0.945	0.808
C	1.388	-0.732	0.397	0.172
A	0.126	0.308	0.500	-0.168
A	-0.230	1.024	-0.122	0.222
A	0.396	0.489	-0.069	-0.417
G	0.194	-0.199	-0.335	-0.915
A	0.248	0.311	-0.403	-0.594
G	0.152	-0.379	-0.214	-0.591
G	0.158	0.055	-0.019	-0.764
A	0.030	0.348	-0.756	-0.530
A	-0.616	1.045	-0.801	-0.147
G	-1.034	0.461	-0.242	-0.881
C	0.145	-0.212	-0.202	-0.731
U	-0.843	1.469	0.670	0.038
G	0.391	0.331	0.560	-0.385
U	-0.257	0.305	-0.063	-0.856
G	0.273	0.386	0.329	-0.684
A	0.282	0.354	-0.025	-0.687
U	-1.279	0.423	-0.240	-0.749
U	0.288	1.482	2.520	1.330
A	0.429	0.118	0.137	-0.683
A	0.148	0.317	0.165	-0.766
A	0.817	0.439	0.883	-0.200
A	-0.671	0.002	-0.583	-0.968
C	1.102	-0.800	-0.355	-0.595
C	0.602	-0.663	0.586	0.521
C	0.195	-0.256	-0.344	-0.453
A	1.411	1.784	-1.786	1.477
G	0.334	-0.048	-0.171	-0.871
G	0.162	1.451	1.806	0.178
U	-2.615	0.297	-1.605	0.685
C	0.261	-0.687	-0.124	-0.224
C	0.506	-0.134	0.226	-0.380
C	0.257	-0.863	0.207	0.336
A	0.623	1.633	2.504	0.754
U	-0.961	-0.800	-0.192	0.191
U	-1.197	0.647	0.317	-0.327
U	-0.480	0.274	-0.288	0.220
G	-0.800	0.561	0.576	-0.116
C	0.361	0.175	0.326	-0.512
A	-0.167	1.105	0.660	0.128
A	0.669	0.399	-1.071	0.207
A	0.919	0.368	-0.731	0.106
G	1.201	-1.119	-0.442	-0.405
C	0.417	0.703	0.402	-0.068
C	1.541	-0.603	1.083	0.836
U	-1.644	1.053	-0.397	-0.269
C	3.264	-1.653	-0.147	0.357
G	0.196	-0.277	-0.206	-0.668
A	0.041	0.772	0.141	-0.311
C	0.460	0.804	1.551	0.770
U	-0.658	0.646	0.079	-0.423
U	-0.763	0.193	0.444	0.022
U	-0.448	-0.020	0.134	-0.285
U	-0.327	0.284	0.433	-0.241
A	0.003	0.629	-0.392	-0.358
G	-1.002	0.475	0.550	0.005
C	1.085	0.104	0.526	0.047
A	0.685	1.573	-1.365	0.686
G	0.106	-0.175	0.039	-0.468
G	0.352	0.869	1.099	-0.212
U	-0.420	0.435	-0.109	-0.538
G	-0.599	0.510	0.055	-0.754
C	0.317	0.165	0.066	-0.803
A	-0.756	0.185	-0.362	-0.830
U	-1.825	0.436	0.080	-0.174
C	1.562	-0.893	0.150	-0.014
A	0.029	0.865	0.583	-0.255
U	-0.983	0.458	0.358	-0.210
A	-1.427	1.120	0.505	-0.410
C	0.690	-0.761	0.909	0.977
U	-0.651	-0.002	-0.576	0.289
G	-0.811	-0.476	-0.246	-0.200
U	-1.129	-0.044	-0.423	-0.634
U	-0.459	0.297	-0.180	-0.903
C	1.180	-0.841	-0.091	-0.260
C	0.712	0.136	-0.074	0.354
C	1.026	-0.674	-0.739	-0.262
A	1.641	-0.839	-0.816	-0.319
C	1.385	-1.108	-0.040	1.284e-004
C	0.767	-1.189	-0.251	-0.029
C	0.835	-0.278	-0.003	-0.133
C	0.540	-1.273	-0.633	0.580
U	-0.589	-0.384	-0.386	-0.526
C	0.994	-0.738	-0.640	-0.046
C	0.231	-0.490	-0.225	-0.520
C	0.496	-0.617	-0.167	-0.397
A	0.229	0.790	0.552	-0.270
U	-1.230	-0.694	-0.988	1.109
C	0.172	-0.961	0.213	0.455
C	0.067	-0.768	0.125	0.195
C	1.140	-0.264	-0.287	-0.147
A	0.911	-0.072	-0.669	-0.141
C	0.639	0.283	0.966	0.086
U	-0.839	-0.516	-0.493	-0.001
U	0.005	0.689	-0.744	0.606
C	3.253	-1.501	-1.017	1.042
U	-0.110	0.477	0.351	0.302
G	0.591	0.162	0.349	-0.504
U	-2.767	1.123	-0.143	-0.181
C	1.220	-0.818	0.642	0.585
C	0.545	-0.307	-0.161	-0.689
A	0.107	0.347	-0.755	-0.439
G	-0.660	-0.458	-0.311	-0.331
C	0.175	0.150	-0.302	0.178
C	1.883	-1.481	-0.280	0.391
G	-0.020	-0.033	1.140	0.789
C	1.238	-0.369	-0.605	-0.393
C	2.311	-1.131	-0.369	0.745
U	-1.406	1.278	0.788	0.214
A	1.474	0.577	-0.888	0.602
G	-0.534	0.151	-0.077	-0.556
C	0.243	0.466	0.619	-0.404
C	0.194	0.043	0.685	0.079
C	0.796	-0.265	-0.096	-0.711
C	0.495	-0.143	0.024	-0.609
A	0.764	-0.604	-0.455	-0.751
C	0.656	-0.266	-0.002	-0.564
U	-0.261	0.688	0.674	-0.324
U	-0.554	0.103	-0.304	-0.848
U	-1.063	-1.088	-0.250	0.403
C	3.108	-2.128	-0.589	-0.116
U	-0.528	-0.109	-0.393	-0.785
U	-0.034	0.649	0.549	-0.526
U	-0.045	0.594	0.464	-0.574
U	0.111	-0.145	-0.313	-0.918
U	0.085	0.075	-0.217	-0.980
U	0.199	0.030	-0.223	-0.994
U	0.224	0.211	-0.477	-0.552
U	-0.028	-0.313	-0.203	-0.597
C	2.980	-1.977	-0.646	0.168
U	-0.114	-0.067	-0.318	-0.899
U	-0.345	-0.008	-0.354	-0.896
U	0.082	0.114	-0.692	-0.661
U	-0.078	0.020	-0.542	-0.795
U	-0.078	-3.278e-004	-0.569	-0.816
U	0.398	2.945	4.174	2.465
U	-0.729	-0.295	-0.788	0.772
G	-0.494	-1.309	-0.084	0.628
A	0.654	1.451	-1.936	0.674
G	-0.189	-0.008	-0.444	-1.043
A	-0.465	0.266	-0.228	-0.930
C	0.529	0.234	0.349	-0.580
A	1.462	0.457	-0.752	0.421
G	0.273	-0.083	-0.312	-1.013
U	-0.284	0.391	-0.799	0.016
C	1.021	-1.043	-0.451	-0.018
U	-1.796	-0.276	-0.256	0.017
C	0.996	-1.594	0.044	0.645
C	-0.003	-0.647	0.188	0.175
C	0.247	-1.096	-0.347	0.337
U	-2.143	-1.917	0.318	2.171
C	1.515	-1.362	-0.012	0.685
U	-2.040	-0.736	-0.543	0.164
U	-1.729	-2.026	0.465	2.266
G	-1.172	-1.548	0.020	1.155
C	0.596	-1.010	0.275	0.473
U	-0.562	-0.121	-0.239	-0.586
G	-0.008	-0.059	-0.225	-0.822
A	0.481	0.658	-1.523	-0.014
G	-0.055	0.065	-0.269	-0.956
G	-1.012	0.452	-0.244	-0.884
C	0.295	-0.137	-0.162	-0.789
U	-2.007	0.706	-0.394	-0.870
G	-0.702	-0.886	0.401	0.840
G	-0.118	-0.207	-0.122	-0.556
A	0.229	0.089	-0.480	-0.915
G	0.243	0.242	0.106	-0.810
U	-1.030	0.006	-0.511	-0.816
G	-1.285	0.466	-0.165	-0.696
C	0.301	0.433	0.056	-0.615
A	0.350	0.542	-1.126	-0.300
G	0.223	0.929	1.282	-0.018
U	-0.869	0.044	-0.564	-0.972
G	-0.801	-0.068	-0.257	-0.536
G	-0.915	0.938	0.575	-0.346
C	0.534	0.259	-0.482	-0.260
G	-0.748	-0.217	0.030	-0.048
A	1.195	2.534	-3.529	1.847
G	0.199	0.028	-0.226	-0.996
A	-0.315	0.367	-0.320	-0.734
U	-1.403	0.077	-0.013	-0.153
C	1.637	-0.110	0.861	0.089
U	-3.349	-0.325	-0.618	0.260
C	1.425	-0.886	0.052	-0.105
G	-0.291	-1.527	0.293	1.229
G	-0.657	0.032	-0.061	-0.469
C	0.292	0.494	0.934	-0.066
U	-1.547	0.145	-0.195	-0.361
C	0.673	-0.351	-0.322	-0.871
A	-1.292	-0.046	-0.484	-0.297
C	2.470	-1.425	-0.195	-0.148
U	-0.345	-0.037	-0.158	-0.215
G	0.232	0.209	0.484	-0.324
U	-0.315	0.100	-0.185	-0.803
A	0.267	0.580	0.675	-0.406
A	1.863	-0.866	-0.270	-0.174
C	1.383	-0.354	0.011	0.258
C	0.831	-1.775	0.037	0.845
U	-2.470	0.465	-0.894	-0.189
C	1.361	-0.820	0.091	-0.105
C	0.577	-0.348	0.456	0.078
G	-0.225	-0.716	-0.191	-0.096
C	0.764	-0.004	0.232	-0.554
C	0.357	-0.982	-0.140	0.009
U	-1.572	-0.222	0.094	0.707
C	0.677	-0.220	0.151	0.016
C	0.422	0.173	0.170	-0.711
C	-1.139	-1.987	0.048	1.970
G	-2.041	-2.813	0.657	3.297
G	-0.159	-0.469	0.332	0.219
G	0.272	0.165	0.566	-0.150
U	-1.589	0.360	-0.818	-0.841
U	-1.602	0.455	-0.350	-0.773
C	1.042	-1.192	-0.349	0.677
A	-0.153	0.525	-1.352	0.319
A	0.058	2.105	-2.604	1.122
G	-0.533	0.796	0.573	-0.382
C	1.674	-0.300	0.267	-0.001
G	0.176	0.155	0.146	-0.664
A	0.206	0.452	-0.322	-0.594
U	0.200	1.062	0.914	-0.114
U	-0.693	0.927	1.202	0.258
C	0.360	-0.894	0.367	0.532
U	-2.736	-1.370	-0.170	1.395
C	0.549	-0.626	-0.292	-0.099
C	1.700	-1.485	-0.311	-0.047
U	-0.320	-0.382	-0.582	0.375
G	0.551	-0.512	-0.047	-0.277
C	0.359	0.263	-0.122	-0.687
C	0.807	-0.621	-0.139	-0.433
U	-2.043	-0.117	-0.614	-0.427
C	1.297	0.474	1.579	0.484
A	1.353	0.600	-1.894	0.777
G	-0.170	-0.250	-0.150	-0.494
C	0.293	0.197	0.378	-0.012
C	0.024	-0.970	-0.209	-0.006
U	-1.571	0.032	0.095	0.506
C	1.145	-0.645	-0.016	0.098
C	0.478	-0.055	-0.019	-0.292
C	1.087	0.199	0.939	0.893
A	-0.768	0.794	-1.469	0.059
A	0.575	0.971	-0.370	0.037
G	0.092	0.549	0.869	-0.125
U	-0.021	0.056	-0.411	-0.289
A	-0.457	1.109	0.651	-0.205
G	-1.407	-0.229	-0.383	-0.286
C	0.573	-0.796	-0.164	-0.245
U	-1.250	0.889	0.305	-0.111
A	2.388	5.798	-6.595	5.417
G	-0.121	-0.117	-0.253	-0.780
G	0.087	-0.026	0.461	-0.099
A	0.302	0.526	0.546	-0.562
U	-0.758	0.428	-0.404	0.101
U	-0.873	-0.416	-0.247	-0.226
A	-0.833	0.884	-0.880	-0.338
C	0.429	-0.176	-0.300	-0.949
A	0.577	0.362	-0.465	-0.341
G	0.012	0.341	0.162	-0.716
G	0.352	0.098	0.091	-0.677
C	0.524	0.194	-0.061	-0.600
G	-0.834	0.561	0.830	0.207
C	0.252	0.304	0.617	-0.258
C	0.808	1.085	1.399	0.258
C	0.567	0.078	0.169	-0.659
G	-0.123	-0.710	0.029	0.218
C	0.931	-0.973	0.106	0.157
C	1.252	-0.801	-0.145	0.048
A	1.093	1.316	1.096	1.537
C	2.010	-1.175	-0.604	-0.339
C	0.849	-0.808	-0.301	-0.034
A	-0.542	0.196	-0.377	-0.411
C	0.730	-0.358	-0.423	-0.564
G	-0.754	-0.177	-0.577	-0.718
C	0.721	0.665	0.749	-0.108
C	0.274	0.181	0.263	-0.573
U	-0.169	0.480	-0.838	0.527
G	0.086	-0.459	0.274	0.082
G	-0.381	-0.412	-0.281	-0.409
C	1.092	1.004	2.543	1.193
U	-0.521	0.304	0.186	-0.464
A	0.004	-0.033	-0.313	-0.913
A	0.033	0.239	0.130	-0.621
C	0.807	-0.194	0.010	-0.652
U	-0.319	-0.061	-0.272	-0.769
U	-0.619	0.550	0.339	-0.030
U	-0.263	-0.122	-0.300	-0.773
U	-0.555	0.730	-0.560	-0.043
G	0.211	-0.097	0.232	-0.336
U	0.160	0.534	0.333	-0.337
A	0.447	0.807	0.749	-0.163
U	-0.209	-0.110	0.067	-0.383
U	0.446	3.285	4.980	2.197
U	-0.415	-0.415	-0.423	-0.612
U	-0.235	0.258	-0.269	-0.646
U	-0.361	0.713	-0.514	-0.003
A	0.671	1.010	-0.210	0.142
G	-0.033	0.133	0.378	-0.296
U	-0.054	-0.187	-0.282	-0.783
A	1.033	2.273	-1.966	1.459
G	0.196	0.016	-0.244	-1.006
A	0.267	0.271	-0.182	-0.757
G	0.188	-0.021	-0.302	-1.039
A	0.212	0.091	-0.128	-0.941
U	0.262	0.330	0.243	-0.732
G	-0.361	-0.621	0.278	0.343
G	0.438	1.406	2.078	0.418
G	0.212	-0.120	-0.203	-0.835
G	0.930	-0.184	0.217	-0.402
U	0.164	0.598	-0.765	-0.438
U	-0.784	0.286	-0.365	-0.977
U	-0.479	-0.039	-0.287	-0.741
C	1.152	-0.680	-0.347	-0.709
A	0.742	-0.581	-0.005	-0.009
C	2.052	-1.205	-0.762	-0.057
C	0.163	-0.397	-0.134	-0.050
A	1.601	0.425	1.021	0.745
U	-0.227	0.077	-0.376	-1.040
G	0.212	0.098	0.162	-0.561
U	-2.981	1.524	-1.389	0.198
U	-0.434	0.824	1.223	0.689
G	-0.749	-0.219	0.021	-0.074
G	-1.966	0.104	-0.755	-0.736
C	0.805	0.214	0.213	-0.355
C	0.128	0.140	0.283	-0.475
A	-0.136	0.790	-1.067	-0.309
G	-0.347	0.154	-0.328	-0.999
G	-1.189	0.597	-0.126	-0.798
C	0.316	0.143	0.035	-0.819
U	-1.188	0.702	-0.446	-0.454
G	0.287	0.026	0.279	-0.411
G	-0.453	-0.029	-0.013	-0.425
U	-1.189	-0.037	-0.409	-0.175
C	1.267	-0.027	0.864	0.103
U	-2.049	0.432	-0.625	-0.892
C	2.572	-0.990	0.707	0.501
A	0.090	0.276	0.143	-0.697
A	0.381	0.216	0.280	-0.566
A	0.516	0.340	-0.121	-0.268
C	0.341	0.265	0.224	-0.713
U	-2.064	0.650	-0.064	0.009
C	0.278	0.196	0.289	-0.556
C	0.775	-0.562	0.134	-0.155
U	-0.952	-0.143	-0.455	0.116
G	0.020	0.069	-0.029	-0.713
A	-1.118	0.718	-0.166	-0.483
C	0.391	0.053	-0.022	-0.821
C	2.045	-2.690	-0.457	0.816
U	-2.314	-0.724	-0.474	0.343
U	-0.947	-0.875	0.834	1.427
A	1.042	0.125	0.474	0.055
A	0.727	1.794	-0.565	0.789
G	0.112	0.176	-0.058	-0.891
U	0.089	0.065	-0.230	-0.987
G	0.145	0.001	-0.096	-0.803
A	0.309	0.386	-0.359	-0.629
U	-0.095	0.168	-0.177	-0.938
U	-0.789	0.659	1.114	0.417
C	0.671	-0.869	-0.149	-0.182
G	-1.021	-0.958	-0.451	0.161
C	0.808	-0.423	-0.083	-0.551
C	0.569	0.742	1.710	0.565
C	1.067	-0.144	0.793	0.598
A	0.771	-0.091	0.425	-0.090
C	0.853	-0.693	0.031	-0.173
U	-0.581	-0.796	0.658	1.013
G	-0.620	-1.110	0.014	0.567
U	-1.598	-1.303	-0.038	1.470
G	-0.917	-1.351	-0.038	0.844
G	-0.562	0.089	-0.327	-0.860
C	0.006	-0.240	-0.016	0.007
C	0.168	-1.345	-0.006	0.552
U	-1.780	0.104	-0.088	0.328
C	0.046	-0.936	-0.059	0.588
C	0.413	-0.938	-0.258	-0.187
C	0.485	-0.187	-0.045	-0.648
A	-0.319	0.926	0.435	-0.328
A	-0.239	0.309	-0.712	-0.678
A	0.487	0.596	-0.673	-0.309
G	0.181	0.525	0.482	-0.587
U	-0.172	0.198	0.028	-0.696
G	-1.347	-0.382	-0.274	-0.096
C	0.377	-0.461	0.153	-0.131
U	-1.541	0.618	0.593	0.599
G	-0.172	0.239	1.092	0.493
G	-0.328	-0.431	0.094	-0.039
G	0.013	-0.560	0.393	0.334
A	0.402	1.004	1.286	-0.146
U	-1.836	-0.145	-0.591	0.459
U	-1.823	-0.180	0.347	0.641
A	-1.138	1.861	0.962	0.314
C	0.460	-0.340	-0.271	-0.770
A	0.085	0.733	0.049	-0.258
G	-0.518	0.253	-0.274	-0.951
G	-1.571	0.470	-0.080	-0.488
C	0.492	0.268	-0.424	-0.559
G	0.127	-0.804	1.121	1.560
U	-0.334	0.063	-0.244	-0.833
G	0.036	-0.327	0.391	0.134
A	0.463	1.274	-1.341	0.363
G	-2.018	-2.966	0.524	3.310
C	-1.384	-3.822	0.482	3.808
U	-0.655	-0.240	0.060	-0.106
A	0.528	0.011	0.647	0.287
C	3.444	-2.821	-0.463	0.598
C	2.534	-2.211	-0.631	0.556
G	-0.696	-1.210	0.042	0.895
C	1.743	-0.179	-0.598	0.497
C	0.873	0.115	-1.007	0.903
C	1.549	-0.500	0.251	-0.257
C	0.428	-0.452	-0.162	-0.528
C	0.648	0.125	0.306	-0.558
A	1.525	-0.223	-1.019	0.153
G	-0.178	-0.048	-0.407	-0.925
C	0.612	0.094	0.063	-0.294
C	-0.736	-1.368	-0.270	1.505
C	0.398	-0.445	-0.280	0.349
C	0.636	-1.322	-0.326	0.556
U	-1.403	-1.462	-0.176	0.932
C	0.995	-1.244	-0.911	1.274
C	0.999	-1.220	-0.366	0.331
C	1.517	-0.692	0.213	-0.116
A	0.978	-0.107	-0.151	-0.435
U	-1.829	-0.524	0.221	0.783
C	0.426	-1.352	0.064	0.580
C	1.189	-0.783	0.034	-0.166
C	1.254	0.477	1.819	0.779
A	0.801	-0.434	-0.224	-0.658
C	0.919	-0.772	-0.164	-0.349
U	-0.252	-0.442	-0.239	-0.443
U	-0.597	-0.075	-1.002	1.079
C	3.411	-2.526	-0.529	0.765
U	-0.087	0.108	-0.572	0.169
G	0.063	-0.699	-0.038	-0.038
U	-2.217	2.304	1.620	0.710
C	1.748	-1.337	-0.215	-0.082
C	0.329	-0.131	-0.071	-0.694
A	2.241	-0.821	-0.334	0.197
G	-0.304	-1.113	-0.285	0.191
C	0.989	-0.362	-0.142	0.335
C	0.390	-0.781	-0.476	0.460
C	0.408	-0.070	0.415	0.327
C	0.823	-0.926	-0.206	-0.234
C	1.848	-1.997	-0.003	0.761
U	-0.559	0.204	0.588	0.096
A	0.663	0.949	-0.585	0.278
G	0.294	-0.429	-0.198	-0.534
C	0.590	0.569	-0.389	-0.251
C	0.723	-1.098	-0.282	-0.140
C	1.491	-2.000	0.222	1.627
U	-2.015	-0.286	-0.221	0.152
A	0.509	0.432	0.807	-0.109
C	1.056	-1.377	-0.105	0.252
U	-1.163	-1.188	-0.131	1.156
U	-1.290	-0.101	-0.659	-0.281
U	-1.347	0.008	0.126	0.041
C	2.248	-1.627	-0.409	-0.164
U	-1.121	-0.421	-0.410	-0.311
U	-1.209	0.062	-0.203	-0.437
U	-1.548	-1.232	-0.328	0.626
C	1.703	-1.986	-0.361	0.358
U	-1.569	-0.742	-0.405	2.176
G	-1.090	-1.506	0.067	1.190
G	-0.498	-0.138	1.302	1.176
G	0.464	0.247	0.828	-0.004
A	-0.928	0.433	-0.642	-0.855
U	-3.156	0.218	-0.733	0.097
C	1.485	-1.206	-0.258	-0.192
C	0.913	-0.889	-0.099	-0.162
A	0.267	0.385	-0.059	-0.587
G	0.068	-0.058	0.041	-0.566
G	0.170	0.169	0.198	-0.613
A	0.423	0.698	-0.803	-0.283
G	0.063	0.702	0.675	-0.463
U	-2.459	0.795	0.385	0.132
C	0.374	-0.280	-0.403	-0.436
C	0.470	0.204	-0.158	-0.635
A	1.654	4.155	-5.227	3.512
G	0.398	0.732	1.167	-0.033
A	0.382	0.711	0.049	-0.338
U	-0.446	1.001	0.086	0.286
C	1.241	-0.785	0.102	-0.097
C	1.391	-0.973	-0.035	-0.120
C	0.948	-0.177	0.160	-0.523
C	0.753	0.237	0.815	-0.079
A	2.683	-0.015	-1.489	1.135
G	0.478	-0.400	-0.246	-0.662
C	0.639	0.352	0.265	0.240
C	-0.208	-0.278	-0.486	0.659
C	0.016	-1.040	-0.011	0.297
C	0.670	-0.697	-0.456	-0.184
C	0.970	-0.901	0.057	0.555
U	-2.184	-2.504	-0.217	2.583
C	0.048	-1.112	0.625	1.117
U	-4.128	-3.760	-0.192	4.421
C	1.178	-0.892	0.240	0.708
C	-0.069	-0.250	-0.244	-0.172
A	0.439	0.766	-0.735	-0.220
G	0.568	1.256	1.778	0.168
A	0.270	0.372	0.308	-0.696
U	-0.871	0.205	-0.045	-0.508
U	-1.305	0.755	0.042	-0.690
A	-0.342	0.180	-0.076	-0.618
C	0.837	-0.271	-0.504	-0.666
A	0.102	-0.038	-0.038	-0.505
U	-1.028	0.662	0.051	-0.712
U	-0.663	-0.264	-0.133	-0.304
C	1.520	-1.273	-0.302	-0.191
A	0.685	0.593	1.133	0.064
U	-2.271	-0.641	-0.344	0.407
C	1.205	-0.703	-0.075	-0.375
C	0.680	0.542	0.051	-0.210
A	1.053	2.137	-2.645	1.397
G	0.090	0.173	-0.073	-0.897
G	-0.463	0.347	-0.068	-0.792
C	0.134	0.245	0.503	-0.312
A	-0.509	0.174	-0.695	-0.047
C	0.623	0.145	0.143	-0.249
A	0.487	-0.129	-0.554	-0.770
G	0.380	0.363	0.392	-0.612
G	0.311	0.566	0.607	-0.527
A	0.243	0.241	0.104	-0.811
A	0.291	0.470	0.459	-0.611
A	0.356	0.248	0.214	-0.712
G	0.231	0.183	0.014	-0.861
G	-0.245	0.702	0.556	-0.455
A	-0.632	0.868	0.633	-0.327
C	0.348	0.212	0.158	-0.744
A	0.559	0.696	1.006	-0.232
G	0.253	0.554	0.785	-0.290
G	0.352	0.764	0.914	-0.355
G	0.162	0.653	0.698	-0.414
U	-1.579	1.680	0.828	0.052
C	0.698	0.563	1.205	0.097
A	0.525	0.852	0.330	-0.120
G	0.301	0.025	-0.139	-0.914
G	0.337	1.256	2.093	0.599
A	0.371	0.754	0.499	-0.331
A	0.399	0.888	0.694	-0.213
A	0.205	0.060	-0.176	-0.968
G	0.202	0.043	-0.203	-0.983
G	0.368	0.840	1.033	-0.288
A	0.183	-0.046	-0.340	-1.060
G	0.066	-0.056	0.054	-0.552
G	0.018	0.515	0.382	-0.627
A	0.372	1.799	2.500	0.649
C	0.335	0.326	0.131	-0.351
U	-3.802	-1.857	0.021	2.443
C	0.014	-0.228	0.379	0.009
U	-1.087	0.471	-1.215	1.404
G	-0.035	-0.171	0.680	0.328
G	-1.097	0.186	0.372	0.077
G	-1.174	0.259	-0.560	-0.999
C	0.242	0.121	-0.537	-0.878
G	-1.541	-2.192	0.712	2.661
G	-0.695	0.457	0.190	-0.517
C	0.374	0.157	-0.374	-0.744
A	0.370	0.131	-0.185	-0.377
G	-0.539	-0.067	0.134	-0.160
C	1.009	3.343	5.595	2.683
C	0.393	-0.734	0.610	0.666
U	-1.863	-0.236	-0.282	0.561
C	1.323	-0.409	0.472	-0.024
C	0.773	-0.852	-0.330	-0.438
A	0.061	0.114	0.058	-0.559
C	1.146	-0.322	0.730	0.246
A	0.368	0.834	1.255	0.100
U	-0.491	0.080	-0.239	-0.779
U	-1.514	-0.894	-0.059	0.642
C	0.365	-0.956	0.375	0.598
C	0.573	-1.022	-0.329	0.382
C	0.134	-1.400	0.121	0.762
C	0.216	-1.647	-0.102	0.706
U	-1.234	0.263	-0.844	-0.739
U	-1.415	-1.261	-0.704	1.303
C	-0.603	-1.634	0.129	1.767
C	0.762	-0.580	-0.264	-0.610
A	0.263	0.868	0.279	0.184
C	0.403	-0.608	-0.516	-0.192
G	-0.919	0.311	1.032	0.713
C	0.768	-0.054	0.642	1.145
U	-2.438	0.250	0.614	0.838
U	-0.610	2.565	4.616	2.796
G	-0.443	-1.074	0.513	1.125
G	-0.618	0.209	1.788	1.495
C	0.719	0.907	-1.230	0.507
C	0.098	-0.136	-0.244	-0.842
C	0.485	0.160	0.208	-0.668
C	0.978	-0.538	-0.307	-0.752
C	0.626	0.838	1.259	-0.077
A	0.347	0.743	0.881	-0.373
G	0.583	1.875	2.636	0.614
A	0.348	0.744	0.884	-0.372
A	1.938	7.903	10.073	6.021
U	-0.360	1.153	1.105	-0.172
G	-0.592	-0.903	0.449	0.865
G	0.797	2.904	4.231	1.511
A	0.196	0.017	-0.243	-1.005
G	0.264	0.342	0.260	-0.723
G	0.341	0.711	0.832	-0.401
A	0.330	0.414	-0.597	-0.582
G	0.176	-0.079	-0.392	-1.089
G	0.288	0.460	0.443	-0.620
G	-0.266	0.166	-0.269	-0.974
U	0.119	1.123	1.881	0.552
G	0.415	1.067	1.385	-0.090
U	-0.429	2.968	3.747	1.986
C	0.960	0.551	1.164	-0.004
U	-0.331	0.572	1.620	0.888
G	0.326	0.670	1.396	0.315
U	4.918	14.827	-18.618	17.205
A	0.245	0.249	0.117	-0.803
U	-0.892	0.898	-0.318	-0.066
U	-0.333	0.110	-0.016	0.043
A	-0.028	1.545	1.843	0.219
C	0.276	-0.274	0.107	-0.335
U	-0.931	-1.033	-0.145	0.424
G	-0.792	-1.332	0.842	1.781
G	0.223	4.459	7.484	4.225
G	-0.686	-0.091	-0.485	-0.813
C	1.416	-0.479	-0.073	0.091
G	0.509	-0.296	-0.254	-0.733
A	0.455	0.830	-0.684	-0.161
G	0.193	0.186	0.056	-0.770
G	0.363	0.816	0.995	-0.309
U	-0.401	0.739	-0.101	-0.484
G	0.631	2.106	2.995	0.816
U	-1.133	-0.160	0.840	0.916
C	-0.088	-0.868	0.202	0.417
C	0.714	0.245	-1.330	0.628
U	-1.971	-0.374	-1.310	1.394
C	-0.181	-1.260	-0.198	0.326
C	0.215	0.145	0.797	0.114
C	0.426	0.240	0.266	-0.660
U	-0.464	2.408	2.860	0.849
U	-2.255	-2.556	0.689	3.171
C	-0.177	-0.362	0.215	-0.017
C	1.788	-0.797	0.487	0.245
U	-1.310	-0.944	0.214	0.916
G	-1.400	-3.062	0.761	3.439
G	0.305	4.873	11.335	8.285
G	0.183	-0.048	-0.344	-1.063
G	0.091	-0.011	0.067	-0.584
A	0.095	1.727	2.169	0.394
C	0.357	1.278	2.074	0.551
U	0.302	0.835	0.666	0.222
G	-0.356	-0.149	1.337	1.168
U	0.066	-0.118	-0.090	-0.666
G	0.193	0.042	0.707	0.107
G	-0.944	-1.640	0.013	1.114
G	-0.942	-2.025	-0.016	1.436
G	-0.375	-1.622	-0.154	0.762
G	0.186	-0.032	-0.319	-1.049
G	0.478	1.371	1.855	0.175
U	0.356	0.786	0.949	-0.335
G	0.113	0.251	0.591	-0.207
G	-0.540	1.051	0.866	-0.292
U	-0.889	0.790	0.307	-0.579
C	2.764	-2.336	1.926	3.164
A	1.492	5.017	7.731	3.562
A	0.443	-0.087	-0.166	-0.876
				
				
G	0.211	0.088	-0.133	-0.944
A	0.178	-0.069	-0.376	-1.080