"Clone sequence"	PC1	PC2	PC3	PC4
				
				
G	0.429	2.564	-0.180	-0.490
A	0.379	0.371	0.245	0.541
G	0.419	2.216	-0.090	-0.331
C	0.363	0.347	0.390	0.521
A	0.405	0.571	0.308	0.329
U	-0.392	4.856	-1.065	-1.695
U	-0.665	-0.058	0.230	0.339
U	-0.960	-0.244	0.226	0.259
C	0.137	0.484	0.118	-0.477
A	0.060	0.593	0.096	0.015
U	-1.007	2.314	-0.519	-0.813
C	0.022	0.253	0.298	0.084
C	0.227	0.252	0.372	0.389
G	-2.129	0.399	-0.053	-1.104
G	-0.081	-0.033	0.375	0.539
A	0.427	-0.049	0.046	0.726
G	0.292	0.155	0.417	0.598
U	0.172	0.020	0.305	0.660
C	0.716	-0.196	0.239	-0.312
U	-0.272	0.426	0.026	0.216
G	-0.566	0.034	0.279	-0.085
G	0.322	0.222	0.381	0.495
C	0.510	0.183	0.186	0.091
C	1.773	-1.669	-0.310	-2.716
G	0.526	0.315	0.117	-0.529
C	0.508	0.166	-0.985	0.391
C	0.359	0.222	0.422	0.579
C	0.383	0.085	0.438	0.571
U	-0.691	0.401	-0.061	0.020
G	0.363	0.342	0.391	0.524
A	-0.091	0.103	0.196	0.265
C	0.533	0.366	0.096	0.177
C	0.332	0.590	0.175	0.231
U	-6.207	-1.879	-1.109	0.150
U	-4.140	-0.510	-0.399	-1.100
C	-0.300	-0.681	-0.139	-2.126
C	0.309	-0.332	0.133	-0.834
C	0.482	-0.023	0.354	0.200
C	0.335	0.255	0.387	0.461
C	0.306	0.074	0.363	0.269
A	0.494	0.025	-0.251	0.451
G	-0.038	0.060	0.384	0.308
C	0.587	0.257	-0.153	-0.357
C	1.661	-1.653	-0.552	-2.572
G	-0.231	0.058	0.290	0.359
C	0.357	0.006	0.358	0.218
C	0.375	0.308	0.255	0.392
U	-1.025	-0.025	-0.274	0.232
G	-0.037	-0.021	0.395	0.379
C	1.074	-0.926	-0.065	-1.419
A	0.412	0.114	0.257	0.370
G	0.197	-0.164	0.363	0.201
G	0.036	0.597	0.255	0.103
G	-0.382	0.101	0.335	0.180
G	-0.325	0.557	0.143	0.204
G	-0.044	-0.021	0.282	0.382
C	1.180	-1.091	-0.380	-1.468
G	0.133	-0.072	0.229	-0.344
C	0.533	-0.305	0.260	0.077
C	0.111	0.210	0.286	0.437
A	0.426	0.174	-0.169	0.735
G	0.364	0.397	0.377	0.499
A	0.435	2.769	-0.233	-0.584
G	-0.104	0.086	0.390	0.339
G	0.287	2.960	-0.304	-0.772
G	-0.298	-0.166	0.192	0.232
C	0.631	-0.238	-0.417	-0.447
C	-0.006	0.066	0.389	0.333
G	-2.003	0.143	0.102	-0.932
G	0.293	0.563	0.301	0.288
A	0.310	0.250	0.294	0.577
G	0.046	2.623e-004	0.390	0.309
C	0.700	0.306	0.040	-0.428
A	0.162	-0.271	0.300	0.270
C	0.414	0.331	0.358	0.397
G	0.016	1.043	0.146	-0.008
G	0.333	1.078	0.195	0.154
A	0.368	0.147	0.341	0.635
A	0.364	0.368	0.384	0.512
A	0.415	0.047	0.146	0.658
G	0.367	0.482	0.355	0.460
C	0.292	0.451	0.286	0.172
A	0.649	-0.069	-0.879	0.600
G	-1.058	0.105	0.226	-0.380
C	1.226	-0.772	0.061	-1.249
G	-0.564	0.158	0.284	-0.078
G	0.362	0.327	0.395	0.531
A	0.382	0.105	0.434	0.565
U	-0.407	-0.077	0.302	0.441
C	0.770	-0.666	0.144	-0.540
C	0.797	-0.505	0.160	-0.369
U	-4.569	-1.520	-1.545	0.616
U	-0.101	0.037	0.227	0.578
G	-0.018	-0.047	0.368	0.635
A	0.315	0.436	0.246	0.493
U	-0.416	0.077	0.109	0.503
G	0.304	0.067	0.454	0.616
C	2.633	-2.650	-0.545	-4.438
U	0.102	0.016	0.327	0.552
G	0.299	0.131	0.384	0.448
C	0.570	-0.128	0.278	0.221
C	0.305	-0.050	0.355	0.170
U	-4.160	-1.354	-0.811	0.424
U	-1.923	-0.565	-0.229	0.348
A	0.350	-0.164	-0.777	0.481
A	0.473	0.064	-0.501	0.639
G	0.200	0.024	0.451	0.569
U	-0.246	0.163	0.283	0.380
C	0.391	0.196	0.326	0.551
C	0.363	-0.078	0.358	0.572
G	-3.810	0.020	-0.247	-2.305
G	0.064	0.045	0.392	0.415
C	0.618	-0.191	-0.319	-0.475
U	-1.991	-0.525	-0.374	0.151
C	-0.946	-0.047	0.263	-0.308
A	0.300	-0.049	-0.103	0.806
G	0.040	0.041	0.368	0.316
A	0.394	1.382	0.124	0.049
G	0.159	0.257	0.384	0.431
G	-1.094	0.182	0.223	-0.355
G	-0.312	0.202	0.210	0.044
G	0.185	0.162	0.348	0.246
C	1.188	-0.841	-0.304	-1.084
G	0.407	-0.052	0.369	0.237
C	-0.020	-0.599	-0.419	-1.128
A	0.670	-0.398	-1.898	0.702
G	0.181	0.089	0.431	0.525
C	3.042	-4.066	-2.131	-8.144
G	0.132	0.146	0.156	-0.287
U	-0.099	0.087	0.215	0.555
G	-0.552	1.084	0.054	-0.401
G	0.151	0.139	0.350	0.512
C	0.356	1.002	0.030	0.233
C	0.278	0.007	0.445	0.545
U	-1.079	-0.007	0.071	0.261
G	0.037	0.323	0.146	-0.392
G	-0.858	0.581	0.130	-0.332
G	0.381	0.089	0.438	0.574
G	0.222	0.170	0.383	0.459
U	0.243	0.086	0.429	0.597
C	1.030	-0.651	0.033	-0.908
G	0.109	0.246	0.379	0.403
C	0.921	-0.466	0.072	-1.077
U	0.094	0.115	0.400	0.485
A	0.270	-0.058	0.184	0.520
U	-0.028	-0.068	0.388	0.598
C	0.569	-0.121	0.277	0.220
U	-1.617	-0.261	-0.061	0.335
U	-1.789	1.819	-0.405	-1.337
C	0.512	0.163	0.290	0.053
C	0.362	0.311	0.399	0.538
C	0.407	0.026	0.394	0.371
A	0.393	0.128	0.331	0.578
U	-2.017	-0.192	-0.078	-0.343
C	0.492	-0.794	-0.009	-0.833
C	0.204	0.048	0.063	0.616
G	-0.977	0.238	0.170	-0.302
G	0.306	0.088	0.406	0.440
A	0.579	-0.147	0.358	0.160
A	0.439	-0.315	0.249	-0.075
C	0.727	-0.384	0.312	-0.127
A	0.556	-0.719	0.019	-0.597
U	-4.040	-1.331	-0.946	0.404
C	1.488	-1.467	-0.804	-1.881
U	-0.067	0.004	-0.330	0.646
G	0.006	-0.050	0.343	0.455
C	0.409	0.206	0.163	0.586
C	0.308	0.182	0.425	0.564
C	0.430	-0.029	0.432	0.493
U	-0.349	-0.166	-0.526	0.547
G	0.135	-0.009	0.385	0.434
C	0.938	-0.621	-0.290	-1.003
U	0.087	-0.002	0.309	0.606
G	0.377	-0.883	-0.117	-1.871
G	-0.316	0.083	0.252	-0.073
G	-0.851	0.266	0.192	-0.403
G	0.346	0.059	0.408	0.510
G	-0.042	0.056	0.320	0.202
A	0.268	-0.032	0.330	0.629
C	0.516	0.377	0.056	0.060
A	0.657	-0.045	0.194	-0.030
C	0.886	-0.487	0.021	-1.286
U	-0.824	0.029	0.064	0.269
A	0.477	-0.512	-0.359	-0.097
C	0.414	-0.135	-0.255	-0.273
G	-3.161	0.686	-0.207	-1.950
G	0.393	1.355	0.131	0.062
G	0.244	-0.213	0.235	0.051
C	0.420	0.659	0.277	0.259
C	0.216	0.174	0.414	0.508
U	-6.501	-1.809	-1.321	-0.149
U	-6.702	-0.768	-1.239	-2.421
C	-0.304	-0.536	0.128	-1.020
C	0.331	-0.046	0.387	0.298
C	0.357	-0.075	0.330	0.067
U	-3.230	-0.916	-0.430	0.371
U	-0.961	-0.184	-1.225	0.184
G	-0.483	0.103	0.149	0.416
C	0.386	0.412	0.163	0.386
C	0.280	0.040	0.436	0.531
U	-0.726	-0.140	0.103	0.453
G	-1.345	-0.102	0.206	-0.381
A	0.366	0.075	0.362	0.667
G	-0.905	-0.085	0.320	-0.104
G	0.159	0.194	0.400	0.460
G	0.130	0.241	0.350	0.505
U	0.234	-0.044	0.175	0.667
A	1.598	-0.861	-10.340	3.463
G	-0.038	0.180	0.375	0.338
G	0.333	0.149	0.416	0.513
G	0.617	0.073	0.095	-0.515
U	-0.377	-0.110	-0.140	0.489
C	1.016	-0.602	-0.291	-1.400
U	-2.883	-0.161	-0.426	-0.146
C	0.339	1.265	0.010	-0.125
A	0.238	-0.294	-0.263	-0.159
A	0.442	0.228	-1.199	0.837
G	0.296	0.042	0.406	0.487
G	0.365	0.705	0.241	0.214
U	0.391	0.216	0.140	0.644
C	0.495	1.181	-0.021	-0.605
A	2.195	-2.395	-0.681	-4.328
C	0.727	-0.487	0.249	-0.038
U	-2.553	-0.783	-0.340	0.450
U	-0.514	-0.209	-0.034	0.452
G	-0.340	-0.156	0.330	0.390
C	0.816	-0.217	-1.555	0.562
C	0.978	-0.382	-0.403	-0.466
C	0.581	-0.176	0.364	0.165
C	0.417	0.014	0.300	0.401
C	0.288	-0.188	-0.552	0.466
A	0.653	-0.264	-2.015	0.928
G	0.368	-0.237	0.337	0.083
C	1.802	-1.308	-3.209	-1.024
U	-2.847	-0.885	-0.321	0.449
U	-0.035	-0.094	0.017	0.684
G	0.170	0.320	0.325	0.383
A	0.093	-0.023	-0.209	0.463
C	0.331	-0.045	0.431	0.468
C	0.331	0.200	0.224	0.599
U	-4.117	-0.591	-0.458	-0.836
G	-2.210	-0.021	0.093	-0.933
G	0.358	0.119	0.408	0.469
C	0.488	0.346	0.304	0.203
C	0.172	0.088	0.333	0.534
G	-3.269	-0.102	-0.017	-1.646
G	0.206	0.137	0.422	0.519
A	0.411	0.089	-0.034	0.749
G	0.361	0.297	0.403	0.544
U	-0.273	0.025	0.184	0.287
G	0.226	-0.031	0.447	0.529
G	0.204	0.041	0.447	0.563
C	0.567	0.188	0.245	-0.098
U	0.222	0.581	0.308	0.317
A	0.599	0.151	-0.146	0.032
U	-0.271	-0.194	-0.141	0.662
A	0.458	0.259	-0.448	0.753
G	0.297	0.120	0.428	0.615
A	0.402	0.421	0.254	0.443
G	0.356	0.072	0.417	0.482
G	0.396	0.569	0.315	0.354
A	0.369	0.557	0.336	0.426
C	0.363	0.347	0.390	0.522
U	-0.411	-0.052	0.360	0.261
U	-1.653	-0.269	-0.088	0.376
U	-1.053	-0.349	-0.802	0.746
G	0.386	0.238	0.400	0.505
U	-0.412	-0.039	0.080	0.482
C	0.198	0.073	0.379	0.318
C	0.391	0.393	0.360	0.434
C	0.406	-0.085	0.378	0.251
U	-2.292	-0.380	-0.944	-0.134
G	-0.157	-0.040	0.405	0.394
C	-1.114	-0.587	-0.117	-1.671
A	0.513	-0.209	-0.946	1.105
G	0.331	0.085	0.432	0.541
A	0.487	0.123	0.358	0.292
C	0.633	-0.302	0.316	-0.079
U	-0.134	0.127	0.267	0.343
G	-0.008	-0.048	0.385	0.330
C	0.303	-0.247	0.319	-0.073
A	0.754	-0.345	-0.344	0.138
G	0.251	-0.065	0.438	0.477
C	0.203	0.021	0.142	0.183
A	0.811	-0.311	-1.945	0.840
G	-1.097	-0.081	0.269	-0.316
C	0.038	-1.198	-1.443	-2.131
A	0.447	-0.098	0.073	0.680
G	0.482	-0.094	0.370	0.224
A	0.362	0.300	0.402	0.543
G	0.360	0.249	0.415	0.566
A	0.401	0.758	0.266	0.267
U	0.322	0.292	0.297	0.536
G	0.236	0.197	0.387	0.568
A	0.418	0.039	0.333	0.550
C	0.503	-0.093	0.398	0.333
A	0.375	-0.291	-0.168	-0.848
C	1.825	-1.861	-0.216	-2.836
U	0.127	-0.070	-0.064	0.723
G	0.236	0.049	0.427	0.636
U	-0.312	0.101	-0.224	0.495
C	0.418	-0.133	-0.842	0.143
U	-4.446	-0.906	-0.525	-0.879
C	0.605	-0.501	-0.144	-0.479
U	-0.775	0.237	0.099	-0.015
G	-0.836	0.112	0.245	-0.207
A	0.413	0.037	0.157	0.663
G	0.407	0.111	0.415	0.499
U	0.259	0.047	-0.162	0.714
G	0.230	-0.115	0.386	0.248
C	-2.039	-0.501	-0.204	-2.055
A	0.439	-0.068	-0.283	0.885
G	0.330	-0.005	0.412	0.416
A	0.357	0.147	0.441	0.613
G	0.352	-0.014	0.482	0.686
A	0.363	0.353	0.388	0.519
U	0.376	0.769	0.281	0.329
G	-0.186	-0.105	0.384	0.491
G	0.147	0.120	0.364	0.351
G	-0.635	0.082	0.282	-0.061
G	-0.095	0.103	0.387	0.338
G	0.184	-0.025	0.396	0.473
C	0.270	0.129	0.247	0.246
A	0.477	-0.003	-0.415	0.811
G	0.305	0.047	0.460	0.627
G	0.200	0.735	0.243	0.148
G	0.143	0.527	0.289	0.209
A	0.420	0.171	0.302	0.492
G	0.181	0.085	0.367	0.278
C	0.669	1.024	-0.022	-0.673
U	0.141	0.333	0.168	0.411
G	-0.220	0.195	0.274	-0.062
G	-0.109	1.087	0.128	-0.140
G	0.007	1.642	-0.021	-0.275
A	0.396	0.387	0.099	0.566
G	0.283	0.993	0.210	0.162
A	0.376	0.769	0.281	0.329
G	0.204	0.044	0.446	0.562
G	0.265	0.365	0.371	0.449
G	0.638	0.853	0.081	-0.370
U	0.236	0.197	-0.109	0.665
U	-0.599	0.632	0.012	0.172
C	0.288	0.024	0.405	0.402
A	0.049	1.542	-0.338	-0.325
A	0.616	-0.265	-0.509	0.396
G	0.333	0.164	0.411	0.506
C	0.676	-0.012	-0.770	-0.118
U	0.026	0.064	0.381	0.521
A	0.250	1.022	-0.412	-0.219
C	0.987	0.688	-0.559	-1.689
U	0.270	0.112	0.342	0.587
G	0.681	-0.337	0.291	-0.188
G	0.273	0.173	0.389	0.491
A	0.846	-0.476	0.161	-0.343
A	0.369	0.185	0.333	0.617
C	1.121	-0.682	-0.019	-1.125
A	0.771	-0.411	-0.255	0.073
G	0.201	-0.090	0.437	0.458
C	0.805	-0.486	-1.653	0.096
U	-2.048	-0.476	-0.188	4.423e-004
U	-5.547	-1.466	-0.997	-0.162
C	-0.106	0.682	0.025	0.004
A	0.446	-0.023	-0.352	0.877
G	0.257	0.498	0.324	0.409
A	0.394	0.633	0.117	0.435
A	0.298	0.209	0.405	0.574
C	0.387	0.036	0.173	0.729
A	0.613	-0.298	0.280	0.180
A	0.459	0.160	0.368	0.348
C	2.192	-2.207	-0.346	-3.482
U	-0.218	0.016	0.296	0.313
A	0.680	-0.549	-1.966	0.764
G	0.227	-0.054	0.453	0.541
G	0.164	0.428	0.340	0.353
G	0.466	0.302	0.329	0.276
U	0.155	-0.037	0.128	0.697
A	0.243	-0.239	0.240	0.060
C	0.187	-0.201	-0.329	0.618
U	-0.870	0.012	-0.127	0.015
A	0.498	-0.125	-0.526	0.683
G	0.255	0.165	0.323	0.374
G	0.377	0.814	0.270	0.308
A	0.371	0.275	0.314	0.576
A	0.385	0.699	0.202	0.383
C	0.501	0.599	0.194	-0.086
U	0.159	0.155	0.300	0.522
G	0.219	-0.028	0.435	0.552
C	0.469	0.381	0.228	-0.073
U	0.194	1.024	-0.024	0.171
G	0.284	0.145	0.410	0.484
U	-0.005	-0.080	0.381	0.653
G	0.252	1.378	0.104	-0.041
U	-1.178	-0.265	-0.021	0.456
C	0.378	0.114	0.434	0.571
A	-0.419	-0.174	0.168	0.643
G	-0.356	-0.081	0.376	0.311
G	0.315	0.408	0.367	0.461
G	0.324	0.706	0.290	0.325
A	0.379	0.009	0.459	0.610
G	0.354	0.050	0.466	0.657
A	0.379	0.141	0.247	0.659
A	0.463	0.004	0.133	0.547
G	0.107	0.078	0.423	0.482
G	0.331	0.079	0.433	0.545
G	0.037	0.492	0.272	0.186
G	-0.451	-0.353	0.211	-0.129
C	0.191	0.041	-0.246	-0.117
U	-0.238	0.315	0.235	0.337
C	0.791	-0.311	-0.026	-0.662
A	0.561	-0.363	-0.762	-0.024
A	0.585	-0.319	-0.500	0.121
G	0.530	-0.271	0.338	0.010
G	0.382	0.131	0.427	0.555
A	0.504	0.409	0.189	0.189
C	0.329	0.363	0.153	0.011
U	-0.360	-0.030	0.355	0.301
C	1.865	-0.878	-0.654	-3.210
G	-1.506	-0.459	-0.070	-1.730
C	0.786	-0.646	0.082	-1.146
A	0.489	-0.069	-0.314	0.754
G	0.216	0.482	0.333	0.361
G	0.299	0.217	0.403	0.570
C	0.324	0.261	0.315	0.550
C	0.314	-0.030	0.339	0.518
U	-2.132	-0.392	-2.368e-004	-0.196
G	-1.426	-0.216	0.118	-0.510
G	-1.159	0.138	0.037	-0.171
G	-1.036	0.231	0.173	-0.225
A	0.319	0.134	0.228	0.652
G	-0.101	-0.190	0.407	0.616
G	0.141	0.764	0.216	0.124
A	0.405	-0.044	-0.317	0.797
G	-0.107	-0.116	0.432	0.462
G	-0.307	1.013	0.075	-0.260
G	-0.226	0.251	0.231	0.297
G	-3.737	-1.529	-0.695	0.015
C	0.383	0.620	0.192	0.267
C	0.058	0.715	0.229	0.066
U	-6.565	-1.268	-1.366	-0.945
A	0.560	-0.516	-5.069	2.079
G	0.261	0.126	0.433	0.560
G	0.363	1.464	0.065	-0.064
C	0.403	0.613	0.221	0.362
C	0.383	0.174	0.417	0.536
A	0.660	2.283	-1.404	-0.343
G	0.309	0.144	0.392	0.419
C	0.532	0.704	-0.113	-0.056
C	-1.747	-0.183	0.074	-1.188
A	-3.166	-1.318	-1.475	0.154
U	-2.088	-0.744	-1.855	0.674
G	-4.701	-0.010	-0.339	-2.521
G	0.093	0.738	0.205	0.270
G	0.126	0.981	0.136	-0.071
A	0.379	0.027	0.455	0.603
G	-0.086	0.250	0.294	0.415
U	0.141	0.015	0.413	0.613
U	0.115	1.796	-0.025	-0.331
G	-0.360	0.297	0.238	-0.160
G	0.005	-0.359	0.160	-0.206
G	0.092	-0.324	0.105	-0.313
U	-0.120	0.012	0.345	0.524
C	0.430	0.460	0.150	0.049
A	0.069	-0.433	-0.648	-1.695
C	0.382	-0.099	0.170	0.493
C	0.108	0.019	0.224	0.458
U	-0.690	1.116	-0.778	-0.121
G	-0.465	1.152	-0.026	-0.319
U	-0.014	-0.035	0.079	0.687
G	0.103	0.350	0.330	0.405
U	-0.722	0.450	-0.363	0.288
C	0.654	-0.276	0.042	-0.125
U	0.231	0.107	-0.297	0.728
G	-0.146	0.207	0.289	0.150
A	0.392	0.233	0.130	0.638
G	0.241	-0.174	0.412	0.390
G	0.183	0.275	0.349	0.523
A	0.379	-0.026	0.322	0.514
C	0.429	-0.020	0.391	0.338
U	-3.023	-0.579	-0.342	-0.025
U	-0.608	-0.091	-0.212	0.390
G	-0.055	0.105	0.372	0.282
G	0.046	0.450	0.240	0.325
U	-0.231	-0.076	0.205	0.631
G	0.389	0.374	0.365	0.445
C	2.319	-1.994	-0.400	-3.562
U	0.238	0.530	0.018	0.449
G	0.250	0.135	0.418	0.576
U	-1.312	-0.309	-0.052	0.455
C	1.097	-0.612	-0.032	-0.900
U	0.040	0.195	0.282	0.421
G	-0.409	0.039	0.338	0.081
G	0.369	0.561	0.335	0.424
A	0.368	0.520	0.345	0.443
U	0.143	-0.023	0.327	0.649
U	-1.873	-0.585	-0.156	0.460
U	-2.071	-0.616	-0.399	0.477
U	-2.678	-0.873	-0.598	0.388
G	0.194	-0.210	0.236	-0.101
C	0.465	-0.004	0.313	0.444
C	0.663	-0.332	0.305	-0.135
A	1.797	-2.048	-0.877	-2.639
A	1.954	-2.191	-3.485	-2.390
C	0.937	-0.866	0.165	-0.928
C	-0.703	-0.315	-0.673	-0.200
U	-8.652	-1.934	-2.510	-1.537
A	-1.012	-0.764	-1.992	0.869
G	-2.040	-0.060	0.138	-0.832
G	-0.279	0.227	0.328	0.158
G	0.234	-0.154	0.352	0.239
C	0.581	0.065	0.089	0.016
U	0.121	0.057	0.224	0.557
G	0.218	-0.006	0.382	0.292
G	0.083	0.901	0.204	0.074
G	0.307	0.103	0.445	0.601
G	0.386	-0.094	0.317	0.151
U	-0.091	-0.023	0.242	0.630
C	0.595	-0.063	0.288	-0.062
A	0.554	0.985	-0.494	0.125
G	0.268	0.498	0.337	0.388
C	0.491	0.141	-0.175	0.205
U	-0.578	0.469	-0.016	-0.013
G	-0.154	0.512	0.240	0.051
A	0.490	0.077	-0.327	0.686
U	-0.400	2.723	-0.889	-0.657
G	0.351	0.726	0.268	0.254
C	0.588	-0.153	0.199	0.224
C	0.332	0.157	0.203	0.461
C	0.558	0.986	0.105	-0.218
A	1.283	-1.844	-0.770	-3.224
C	1.057	-0.600	0.137	-0.883
C	0.696	-0.303	-0.197	-0.147
A	0.103	-0.963	-1.551	-0.364
C	0.994	-0.522	0.162	-0.752
G	-0.363	0.066	0.186	-0.058
A	0.653	-0.696	-0.195	-0.404
C	-0.319	-0.353	-0.237	-0.762
U	-2.366	-0.193	-0.026	-0.594
C	0.129	-0.286	0.186	-0.249
C	0.354	-0.124	0.385	0.254
C	1.009	-0.666	-0.543	-1.223
G	-2.279	-0.264	-0.168	-2.075
A	0.708	-0.253	-2.058	1.173
G	0.217	-0.080	0.308	0.252
C	0.471	0.131	-0.460	0.300
C	-0.020	-0.049	-0.014	0.273
U	-4.301	-0.586	-0.326	-1.364
C	0.413	0.080	0.299	0.395
C	0.010	0.037	0.420	0.438
A	0.328	-0.051	0.038	0.639
G	0.379	0.011	0.418	0.456
G	0.323	0.667	0.300	0.344
A	0.411	0.281	0.372	0.423
A	0.378	-0.009	0.464	0.619
C	0.518	0.418	0.267	0.101
U	0.354	0.063	0.463	0.651
G	0.353	0.008	0.477	0.676
A	0.358	0.167	0.436	0.604
A	0.362	0.322	0.396	0.533
A	0.507	-0.111	0.281	0.015
C	0.376	-0.163	0.357	0.126
C	0.223	0.131	0.426	0.533
C	0.877	0.002	0.078	-0.810
U	-0.725	-0.131	-0.255	0.229
G	0.240	0.096	0.418	0.484
U	-0.636	0.019	0.016	0.375
C	1.046	-0.712	-0.150	-0.967
U	-0.494	0.139	-0.093	0.198
G	-0.387	-0.136	0.262	-0.163
C	0.402	-0.303	-1.191	0.206
C	0.731	-1.497	-0.762	-2.537
C	1.026	-1.735	-0.393	-2.383
C	0.715	-0.862	0.190	-0.854
C	-0.818	-0.201	0.068	-1.126
A	0.318	-0.127	-0.300	0.889
G	0.244	-0.063	0.426	0.504
G	0.268	0.446	0.350	0.412
G	0.539	-0.397	0.303	-0.117
U	-0.451	0.027	0.249	0.411
C	1.737	-1.625	-0.195	-2.637
U	-1.177	-0.096	-0.094	0.248
G	0.604	-1.502	-0.383	-3.268
G	-0.961	1.958	-0.317	-1.408
G	0.218	0.155	0.338	0.205
G	0.352	-0.031	0.487	0.694
A	0.333	0.108	0.318	0.577
A	0.418	1.839	-0.089	-0.138
G	0.357	0.163	0.437	0.606
G	0.261	0.520	0.319	0.400
A	0.241	0.207	0.387	0.564
G	0.194	-0.063	0.461	0.634
G	0.407	0.134	0.410	0.490
C	0.887	1.851	-0.326	-1.383
U	0.222	1.180	0.121	0.112
G	0.196	1.268	0.125	-0.026
C	1.216	-0.914	0.102	-1.168
U	0.264	0.307	0.386	0.476
G	0.314	0.342	0.384	0.492
A	0.379	0.508	0.253	0.470
G	0.380	0.917	0.243	0.261
U	0.108	0.033	0.435	0.504
A	0.476	0.168	-0.613	0.837
G	0.336	1.423	0.094	0.020
A	0.467	0.151	0.278	0.380
A	0.295	-0.046	0.472	0.691
C	0.459	0.190	0.361	0.338
C	0.313	0.044	0.298	0.003
A	0.406	-0.801	0.103	-0.564
A	0.382	-0.185	0.207	-0.113
C	1.616	-1.857	-0.306	-3.200
C	0.379	0.045	0.450	0.596
C	0.367	0.124	0.351	0.645
C	0.111	0.129	0.410	0.460
A	0.443	0.118	-0.318	0.797
G	0.357	0.158	0.438	0.608
G	0.310	0.207	0.418	0.553
U	0.053	0.283	0.340	0.404
U	-0.185	-0.167	0.390	0.546
A	0.464	-0.144	0.204	-0.170
C	0.423	-0.136	0.462	0.551
C	0.653	0.153	0.197	-0.294
A	1.130	-1.307	-0.035	-1.573
A	1.671	-1.562	-0.291	-2.140
C	1.780	-1.513	-0.224	-2.684
C	0.323	0.167	0.253	0.278
C	0.412	0.112	0.183	-0.393
C	0.020	-0.313	0.146	-0.802
A	-0.422	-1.848	-0.706	-2.119
C	0.603	-0.251	0.126	0.270
C	0.253	0.116	0.106	-0.315
U	-4.050	-0.980	-0.698	-0.400
C	0.419	-0.215	0.236	0.386
A	0.678	-1.152	-2.228	-0.080
G	0.124	0.108	0.207	-0.191
C	1.075	-0.518	-1.274	-0.712
C	0.290	-0.570	0.142	-0.553
A	0.619	-2.463	-0.693	-2.987
C	1.203	-1.174	-0.029	-1.439
C	0.380	-0.046	0.353	0.176
C	0.482	0.091	0.329	0.162
C	-0.076	-0.503	0.181	-0.777
U	-2.784	-0.860	-0.290	0.408
U	-1.183	-0.036	-0.889	0.031
G	0.297	-0.094	0.405	0.408
C	0.582	0.109	0.174	-0.047
C	0.411	-0.079	0.333	0.458
A	0.813	-0.505	-1.689	0.602
G	0.333	-0.113	0.401	0.456
C	0.702	0.039	-0.171	-0.001
C	-0.266	0.022	0.366	0.193
A	-1.389	-0.764	-0.555	0.348
A	-0.007	-0.291	-0.838	0.708
A	0.492	-0.119	-0.552	0.903
G	0.201	0.059	0.389	0.420
C	0.516	0.189	0.021	0.181
A	0.380	0.010	0.313	0.498
A	0.533	-0.089	0.290	0.302
A	0.416	-0.185	0.276	0.324
C	0.737	0.284	0.148	-0.407
A	0.471	-0.129	0.110	0.414
G	0.332	0.099	0.429	0.540
G	0.311	0.224	0.414	0.546
C	0.536	0.126	0.239	0.212
C	-0.113	-0.014	0.415	0.381
C	-0.073	-0.193	0.199	-0.178
G	-5.610	-0.360	-0.345	-3.282
G	-1.702	-0.632	-0.084	0.333
C	0.336	0.174	0.411	0.511
C	0.356	0.049	0.425	0.500
C	0.330	-0.126	0.365	0.172
G	-7.737	-0.354	-0.605	-4.428
G	-1.053	-0.438	0.078	0.497
C	0.321	0.911	0.123	0.162
A	0.518	-0.532	0.062	-0.411
C	0.391	-0.403	0.071	-0.725
U	-0.483	0.072	0.246	0.112
G	-0.410	-0.642	-0.049	-1.500
G	-0.975	0.511	-0.115	-1.193
G	-0.541	1.327	-0.017	-0.617
G	0.028	0.459	0.261	0.120
G	0.375	-0.494	0.074	-0.589
U	-0.372	-0.101	0.008	0.586
U	-1.321	1.080	-0.208	-0.734
C	-0.157	0.646	0.041	-0.338
C	0.146	0.094	-0.069	-0.706
U	-5.570	-0.905	-0.863	-1.159
U	-7.628	-1.098	-1.241	-2.077
C	-0.189	0.137	0.167	-0.502
U	-1.627	-0.481	-0.598	0.414
C	0.773	0.741	-0.318	-0.488
G	0.012	0.937	0.142	0.119
A	0.445	0.276	0.264	0.387
A	0.237	-0.229	0.333	0.316
C	0.399	0.064	0.432	0.538
C	-1.592	0.127	0.124	-0.813
A	0.010	-0.194	-0.163	0.822
G	-0.085	0.110	0.366	0.395
G	0.099	0.126	0.388	0.508
A	0.356	0.098	0.454	0.635
G	0.300	0.145	0.423	0.604
U	0.203	-0.033	0.351	0.665
U	-0.292	-0.120	0.323	0.554
C	0.529	-0.121	0.264	0.175
A	0.818	-0.311	-2.373	0.870
G	0.353	0.262	0.359	0.425
C	0.481	0.128	0.245	0.209
C	0.123	-0.058	0.382	0.252
U	-1.250	0.349	-0.170	0.082
C	0.375	-0.285	0.286	-0.210
C	0.329	-0.042	0.466	0.608
C	0.382	0.973	0.229	0.236
C	0.354	0.039	0.469	0.662
U	-0.924	0.038	0.242	-0.066
G	0.362	0.327	0.395	0.531
A	0.388	0.070	0.355	0.608
C	0.308	0.352	0.275	0.424
C	0.262	0.012	0.382	0.305
C	0.906	-0.614	0.120	-0.598
G	-2.629	-0.456	-0.123	-1.537
C	-0.199	-1.500	-0.500	-3.184
A	0.488	-0.140	0.021	0.608
G	0.360	0.262	0.411	0.560
A	0.374	0.355	0.296	0.539
A	0.397	0.308	0.289	0.498
U	0.357	0.139	0.443	0.617
C	1.030	-0.549	0.143	-0.835
U	-3.774	-1.240	-0.553	0.496
U	-2.499	-0.448	-0.251	-0.300
C	1.559	-1.336	-0.195	-1.790
U	-0.034	0.392	0.262	0.389
G	0.201	0.297	0.358	0.493
A	0.331	-0.014	0.356	0.635
U	0.122	0.151	0.406	0.457
C	0.538	-0.259	0.413	0.306
C	0.390	0.124	0.341	0.583
C	0.170	-0.174	0.340	0.035
A	1.234	-1.754	-0.326	-2.281
C	0.700	-0.409	0.256	-0.002
C	0.552	-0.250	0.277	0.164
C	2.806	-2.908	-0.680	-4.707
G	-0.224	-0.270	0.284	-0.003
C	1.048	-1.028	-0.099	-2.022
U	-1.515	-0.417	0.034	0.154
C	0.275	0.285	0.355	0.348
C	0.352	0.058	0.254	0.601
A	0.182	-0.024	0.428	0.661
G	0.255	0.194	0.403	0.550
G	0.102	0.194	0.371	0.478
A	0.381	0.173	0.107	0.529
G	0.303	-0.097	0.323	0.228
C	0.382	0.288	0.390	0.494
C	0.215	0.085	0.437	0.549
A	0.322	-0.114	-0.419	0.763
G	0.378	0.035	0.453	0.602
G	0.339	0.316	0.374	0.442
A	0.334	0.422	0.336	0.418
A	0.358	0.110	0.306	0.516
U	0.348	1.761	0.007	-0.134
G	0.023	0.300	0.342	0.348
A	0.546	-0.082	-1.234	1.104
G	0.367	0.494	0.352	0.454
U	0.156	0.057	0.425	0.551
C	0.402	0.098	0.386	0.380
C	0.371	0.610	0.322	0.401
C	0.399	0.730	0.275	0.285
A	0.489	0.367	-0.726	0.760
G	0.299	0.120	0.429	0.615
U	0.227	0.067	0.352	0.579
C	0.275	0.046	0.230	-0.260
U	-1.628	-0.424	0.066	0.188
C	1.347	-1.040	-0.158	-1.856
U	-1.724	-0.097	0.111	-0.396
C	0.916	-1.418	-0.121	-2.325
C	0.215	-0.050	0.432	0.461
C	0.352	0.511	0.062	0.478
A	0.379	0.177	0.248	0.640
G	0.359	0.213	0.424	0.583
U	0.122	0.179	0.399	0.444
U	-1.577	-0.392	-0.080	0.133
C	0.465	-0.429	0.107	-0.237
U	-1.309	-0.413	-0.079	0.437
C	0.619	-0.403	0.229	-0.097
A	1.111	-1.039	-0.114	-1.428
C	0.715	-0.221	0.070	-0.216
U	-0.014	0.015	0.328	0.446
G	-0.579	0.019	0.254	0.278
U	-0.070	-0.056	0.329	0.470
G	-0.329	0.515	0.214	0.070
U	0.151	-0.066	0.456	0.607
G	0.365	0.366	0.344	0.357
G	0.372	0.053	0.355	0.301
U	0.158	-0.037	0.244	0.677
U	-0.745	0.057	0.117	0.414
U	-1.611	-0.481	-0.309	0.584
U	-0.197	-0.115	-0.332	0.584
G	0.422	-0.336	0.399	0.333
C	0.438	0.123	-0.278	0.786
C	0.356	0.054	0.426	0.507
A	0.340	0.100	0.352	0.376
U	-1.127	-0.520	0.133	0.638
U	-0.736	0.403	0.206	-0.199
C	0.804	-0.240	0.226	-0.376
G	0.461	-0.186	0.391	0.322
U	-0.824	-0.300	0.245	0.414
C	0.420	-0.209	0.272	-0.219
U	-2.011	-0.712	-0.100	0.547
U	-0.394	0.147	0.176	0.296
G	0.081	0.072	0.381	0.316
C	1.839	-1.899	-0.333	-2.932
U	-0.132	-0.052	0.349	0.573
G	-0.807	0.096	0.245	-0.149
C	2.654	-3.050	-0.660	-4.719
U	0.262	0.059	0.242	0.674
G	0.261	0.014	0.422	0.458
A	0.381	0.068	0.301	0.474
A	0.879	-0.755	0.189	-0.658
C	1.359	-1.231	0.042	-1.552
C	1.496	-1.259	-0.008	-1.749
A	0.932	-0.303	0.153	-0.679
C	0.278	-0.037	0.092	0.626
G	-2.239	-0.139	0.142	-0.953
G	0.287	0.103	0.422	0.511
G	0.382	0.170	0.248	0.086
U	0.394	-0.079	-0.288	0.861
U	-0.173	0.113	0.190	0.531
U	-0.494	-0.142	0.312	0.400
C	1.060	-0.814	0.114	-1.084
U	-3.132	-0.547	-0.172	-0.604
C	0.316	0.085	0.338	0.180
C	0.132	0.179	0.281	-0.008
U	-3.208	-0.614	-0.425	-0.396
C	1.758	-1.634	-0.181	-2.227
U	0.274	2.559	-0.230	-0.516
G	0.364	0.221	0.303	0.123
A	0.402	-0.013	0.045	0.783
A	0.359	0.219	0.423	0.580
A	0.309	-0.453	0.222	-0.088
C	0.469	-0.150	0.359	0.151
A	0.486	-0.298	0.189	0.252
U	-2.066	-0.593	-0.070	0.279
C	0.813	-0.926	0.055	-1.398
U	-2.223	-0.213	-0.101	-0.654
G	-2.261	-0.557	-0.078	-2.021
G	-0.779	-0.021	0.301	-0.128
G	0.174	0.158	0.372	0.335
A	0.384	0.182	0.274	0.425
U	-0.101	-0.112	0.197	0.621
U	-1.635	-0.475	-0.029	0.481
U	-1.548	-0.541	-0.084	0.566
A	0.212	0.166	-0.103	0.605
U	-0.179	-0.101	0.346	0.589
A	0.354	0.311	0.349	0.409
A	0.411	0.065	0.341	0.551
C	0.746	0.206	-0.089	-0.262
A	0.354	0.092	0.151	0.628
G	0.332	0.057	0.441	0.564
G	0.349	0.624	0.295	0.304
G	0.778	-0.630	0.279	-0.314
C	1.665	-1.557	-0.127	-2.346
U	-3.320	-0.845	-0.480	0.110
U	-2.077	-0.479	-0.580	0.145
A	0.388	-0.766	-4.242	1.672
G	0.051	-0.109	0.396	0.337
G	0.138	0.499	0.318	0.302
A	0.407	0.143	-2.355e-004	0.713
A	0.401	0.479	0.249	0.421
A	0.427	0.459	-0.175	0.590
G	0.373	0.693	0.301	0.364
U	0.159	0.201	0.378	0.509
G	0.388	0.377	0.366	0.448
A	0.384	0.248	0.399	0.507
C	0.575	0.054	0.231	0.138
A	0.547	0.125	-0.666	0.681
G	0.206	1.247	0.132	-0.010
C	0.774	-0.298	0.183	-0.574
G	0.131	-0.064	0.426	0.420
U	-2.398	-0.628	-0.809	0.435
C	1.988	-1.797	-0.285	-3.051
U	-0.442	0.250	0.142	0.242
G	0.041	0.154	0.355	0.253
A	0.399	0.144	-0.051	0.584
G	-0.162	0.379	0.286	0.087
C	-0.003	-0.142	0.175	-0.236
G	0.082	-0.198	0.336	-0.001
U	-0.571	0.107	-0.054	0.399
U	-0.493	-0.081	0.236	0.524
C	0.726	-0.530	0.150	-0.123
A	1.432	-1.674	-0.395	-2.575
C	0.609	-0.604	-0.235	-0.542
U	-0.469	-0.078	0.280	0.218
G	-0.853	0.163	0.182	-0.107
U	-0.001	0.024	0.412	0.462
G	-0.373	0.134	0.339	0.141
G	-0.153	-0.113	0.334	0.535
C	0.398	0.156	0.411	0.506
C	0.230	0.111	0.342	0.560
U	-0.270	-0.043	-0.197	0.568
G	0.210	0.099	0.422	0.565
U	-1.708	-0.390	-0.234	0.216
C	0.236	0.158	0.334	0.541
C	0.377	0.010	0.460	0.615
A	-0.009	0.169	0.196	0.223
U	-2.556	-0.903	-0.238	0.557
U	-0.292	0.085	0.244	0.307
G	-0.103	0.720	0.206	-0.036
C	0.202	0.264	0.088	0.027
U	0.311	0.117	0.442	0.597
A	0.658	-0.319	-2.032	1.340
G	0.335	0.157	0.416	0.518
C	0.514	0.189	0.250	0.238
C	0.355	0.085	0.457	0.641
C	0.376	-0.014	0.466	0.627
U	-1.110	-0.391	0.114	0.556
A	0.163	-0.206	0.214	0.585
A	1.829	-1.690	-0.603	-2.890
C	1.042	-0.938	0.113	-1.157
A	1.214	-1.410	-0.580	-1.575
U	-0.086	-0.300	-1.433	0.911
A	0.461	-0.130	-1.267	1.047
G	0.079	-0.038	0.359	0.499
G	0.168	2.415	-0.210	-0.512
A	0.427	-0.123	0.043	0.227
C	0.702	-0.489	-0.006	-0.324
C	1.501	-1.902	-0.467	-2.916
G	-1.262	-0.066	0.201	-0.411
C	2.172	-2.749	-1.316	-5.713
U	-1.076	-0.038	-0.006	-0.148
G	-1.373	-0.087	0.213	-0.433
U	-0.187	0.021	0.294	0.574
G	0.306	0.263	0.393	0.550
U	0.320	0.075	0.365	0.636
G	0.211	0.664	0.255	0.348
C	0.436	-0.009	0.424	0.472
C	0.234	0.220	0.315	0.510
A	0.354	0.044	0.467	0.660
G	0.354	0.050	0.466	0.657
G	0.376	0.779	0.279	0.324
G	0.379	0.122	0.432	0.566
C	1.656	-0.936	-0.276	-2.235
U	0.321	0.098	0.361	0.626
G	0.359	0.159	0.400	0.461
U	-0.005	-0.052	-0.197	0.657
C	0.404	0.264	0.381	0.449
C	0.361	0.018	0.187	0.642
U	-3.680	-0.456	-0.119	-1.403
C	-0.541	-0.188	0.026	-0.902
C	0.391	0.925	0.127	0.142
A	0.479	0.009	-0.839	0.162
U	-0.830	0.298	-0.335	0.379
G	-0.272	-0.038	0.290	0.565
C	1.542	-1.587	-0.258	-2.203
U	-2.042	-0.354	-0.315	0.248
C	0.373	-0.016	0.248	0.449
A	0.342	-0.140	-0.251	0.493
A	0.188	-0.203	-0.389	0.509
U	-0.220	-0.097	0.260	0.558
A	-0.411	-0.564	-0.206	0.005
C	0.999	-0.669	0.008	-0.760
A	0.776	-0.961	-0.259	-1.058
C	0.465	-0.215	0.342	0.384
G	-1.968	-0.645	-0.100	-0.961
U	-0.972	-0.232	-0.470	0.285
U	-0.459	-0.173	0.001	0.626
A	1.546	-0.998	-9.086	2.817
G	0.210	-0.038	0.381	0.333
C	2.072	-1.881	-1.919	-2.533
U	-4.620	-1.522	-0.743	0.435
U	-0.330	-0.199	-0.469	0.783
G	0.229	-0.125	0.339	0.319
U	-0.074	-0.038	0.092	0.671
C	0.899	-0.644	0.097	-0.376
A	2.005	-2.397	-0.731	-3.814
C	1.202	-1.126	0.125	-1.195
C	0.409	-0.050	0.334	0.458
A	0.837	-0.643	0.192	-0.591
A	0.867	-0.082	-0.098	-0.463
A	0.723	-0.646	-0.080	-0.464
C	0.828	-0.538	0.038	-0.191
A	0.507	-0.187	0.256	-0.071
U	-0.327	-0.042	0.326	0.420
A	-0.067	-0.762	-0.048	-0.378
C	0.553	-0.205	0.313	0.289
C	0.186	0.021	0.322	0.426
C	0.599	-0.161	0.079	-0.220
G	-0.280	-0.182	0.301	0.088
U	-0.353	-0.174	0.246	0.552
G	0.128	0.191	0.301	0.325
C	1.111	-0.813	-0.520	-0.730
C	0.639	-0.869	-0.041	-1.094
G	-2.035	-0.309	0.010	-1.280
C	2.135	-2.121	-0.595	-3.341
U	-0.059	0.106	0.220	0.385
G	0.156	0.322	0.329	0.376
C	1.921	-1.765	-1.578	-2.329
U	-0.001	-0.138	0.260	0.634
U	-1.635	-0.432	-0.050	0.485
U	-0.748	-0.132	0.268	0.241
C	0.674	-0.652	0.199	-0.711
C	0.383	0.300	0.387	0.487
C	0.352	-0.012	0.482	0.685
A	0.367	0.168	0.350	0.623
G	0.357	0.140	0.443	0.616
U	0.276	0.260	0.306	0.543
C	0.508	-0.071	0.327	0.073
U	-0.166	0.257	0.219	0.348
G	0.160	0.131	0.398	0.418
A	0.155	-0.205	0.001	0.765
U	-1.375	0.075	-0.107	0.316
G	0.214	0.023	0.443	0.603
A	0.447	-0.074	-0.179	0.806
G	0.312	0.058	0.420	0.482
C	0.554	-0.111	0.101	0.200
A	0.397	-0.032	0.296	0.152
A	0.585	-0.177	-0.110	0.417
A	0.449	-0.114	-0.487	0.818
G	0.287	-0.036	0.460	0.582
G	0.288	0.004	0.450	0.563
A	0.374	0.402	0.291	0.515
A	0.466	0.006	0.400	0.390
C	0.358	0.136	0.406	0.474
U	-0.515	-0.199	0.190	0.554
U	-0.416	0.011	0.277	0.394
G	0.226	0.127	0.427	0.536
A	0.371	-1.118e-004	0.030	0.708
U	-0.228	0.265	-0.093	0.420
G	0.354	0.048	0.467	0.658
C	1.138	-1.030	-1.557	-1.027
U	-0.973	-0.144	-0.035	0.202
C	-0.182	-0.004	0.352	0.134
A	0.373	0.003	0.198	0.617
G	-0.156	-0.067	0.344	0.579
A	0.366	0.448	0.364	0.475
G	0.355	0.074	0.460	0.646
A	0.359	0.224	0.421	0.578
G	0.292	0.112	0.422	0.516
G	0.373	0.124	0.346	0.299
A	0.562	-0.098	0.149	0.129
C	0.375	-0.064	0.443	0.510
A	0.124	-0.061	0.137	0.404
A	0.490	0.079	-0.734	0.909
G	0.354	0.035	0.470	0.664
U	0.097	0.345	0.333	0.396
C	-0.145	-0.071	0.172	0.069
A	-0.115	-0.654	0.113	-0.130
U	-1.064	-0.425	0.129	0.604
U	-1.832	0.372	-0.331	0.080
U	-0.447	-0.215	-0.227	0.678
G	0.484	-0.082	0.408	0.377
C	0.623	-0.307	0.260	0.020
C	0.217	0.434	0.328	0.314
C	0.384	0.322	0.381	0.478
A	0.582	-0.147	-0.835	-0.034
A	0.448	0.196	-0.010	0.571
G	0.268	0.047	0.454	0.602
G	0.349	0.136	0.396	0.495
U	0.089	0.039	0.421	0.513
C	0.352	-0.146	0.412	0.344
A	0.563	-0.734	0.150	-0.531
C	1.058	-0.630	0.143	-0.875
A	0.932	-1.067	-0.314	-1.373
C	0.084	-0.069	0.281	0.195
A	0.799	-0.441	-3.698	1.572
G	0.049	-0.008	0.400	0.341
C	1.608	-1.098	-1.345	-1.730
U	-0.500	0.570	0.207	-0.150
G	-1.391	0.137	0.135	-0.622
G	0.086	-0.021	0.428	0.448
C	0.182	0.125	0.174	-0.108
A	0.632	-0.408	-0.031	-0.488
A	1.054	-0.807	-0.475	-0.596
C	2.184	-2.630	-0.627	-4.448
U	0.018	0.193	0.096	0.480
G	-0.739	-0.029	0.234	-0.137
G	-0.116	-0.103	0.365	0.140
C	-0.527	0.044	0.211	-0.417
A	0.444	-0.018	-0.332	0.870
G	0.310	0.031	0.465	0.638
A	0.327	0.857	0.242	0.280
G	0.376	0.278	0.345	0.375
C	0.366	0.406	0.342	0.369
C	0.337	0.134	0.424	0.538
A	0.279	0.029	0.186	0.704
G	0.302	0.451	0.335	0.361
G	0.364	0.396	0.377	0.499
A	0.183	0.567	0.098	0.422
U	-0.188	-0.026	0.352	0.478
U	-0.813	-0.192	0.196	0.425
C	0.985	-0.746	0.221	-0.645
A	1.983	-1.063	-1.443	-2.648
C	0.934	-0.688	0.207	-0.674
G	0.275	0.322	0.267	0.087
C	0.909	-0.488	0.142	-0.512
C	0.298	0.691	0.207	0.328
C	0.344	0.389	0.357	0.418
U	-1.199	0.144	0.102	-0.112
G	-3.373	-0.141	-0.040	-1.766
G	0.104	-0.047	0.418	0.518
C	0.337	0.175	0.413	0.516
A	0.408	0.054	0.230	0.467
A	0.394	0.031	0.003	0.637
U	-0.747	-0.334	0.080	0.551
U	-0.379	0.043	0.147	0.526
U	-0.115	0.221	0.203	0.451
G	0.286	0.197	0.390	0.497
A	0.328	0.138	0.411	0.552
C	0.229	-0.119	0.385	0.245
U	-0.523	0.053	0.236	0.341
C	0.420	0.198	0.353	0.307
C	0.273	0.031	0.459	0.613
A	0.381	0.012	0.230	0.729
G	0.355	0.081	0.458	0.643
A	0.417	0.901	-0.085	0.343
A	0.377	0.088	0.441	0.583
U	0.056	-0.106	0.273	0.630
C	0.277	0.097	0.408	0.452
C	0.479	0.038	0.383	0.345
U	-0.577	-0.190	0.228	0.582
A	0.338	-0.274	0.349	0.275
A	2.536	-2.810	-0.713	-4.271
C	0.565	-0.217	0.212	-0.123
C	0.313	-0.262	0.290	-0.189
U	-2.923	-0.877	-0.436	0.459
U	-3.626	-1.160	-0.447	0.286
A	0.426	-0.169	0.418	0.423
A	0.864	-0.919	-0.016	-1.234
C	1.191	-0.949	0.127	-1.092
C	0.158	-0.003	0.335	0.430
C	0.282	-0.090	0.135	0.655
A	0.381	0.014	0.231	0.728
G	0.356	0.130	0.445	0.621
A	0.433	1.141	-0.224	0.251
A	0.488	0.036	-0.540	0.829
G	0.272	0.128	0.397	0.425
C	0.906	-0.723	0.064	-0.927
A	0.655	-0.350	0.152	-0.282
C	0.635	-0.012	0.066	-0.219
G	-2.165	-0.269	-0.134	-1.958
G	-0.080	-0.050	0.310	0.022
C	0.317	-0.407	-0.612	-0.807
U	-0.714	-0.103	0.103	0.282
U	-1.860	-0.047	-0.055	-0.173
C	1.192	-1.429	-0.194	-1.912
A	1.259	-1.002	-0.904	-0.692
A	0.963	-0.791	-3.936	1.073
G	-0.032	-0.175	0.346	0.471
C	1.204	-0.685	-1.200	-0.678
C	0.221	0.123	0.253	0.198
C	0.409	0.121	0.336	0.533
C	0.556	0.014	0.264	-0.119
U	-0.693	0.095	-0.251	0.145
G	0.018	0.125	0.362	0.261
G	0.205	0.043	0.428	0.492
A	0.377	0.104	0.437	0.577
A	0.385	0.364	0.370	0.458
A	0.296	-0.084	0.313	0.494
C	0.361	0.237	0.385	0.446
C	0.619	-0.298	0.366	0.116
A	1.216	-1.154	-0.129	-1.385
C	0.299	-0.105	0.324	0.359
A	0.343	0.142	-0.160	0.668
A	0.392	-0.129	0.052	0.209
U	-0.122	0.226	0.193	0.305
A	-0.114	-0.851	-0.475	-0.131
C	0.441	0.031	0.139	0.312
C	0.404	-0.197	0.279	0.139
U	-2.067	-0.294	-0.396	-0.026
G	-2.141	-0.205	-0.009	-0.619
U	-2.863	-0.444	-1.107	-0.753
G	-3.164	-0.167	-0.118	-1.882
G	-0.219	-0.068	0.341	0.295
C	-0.335	-0.415	-0.162	-1.072
A	1.243	-0.724	-3.917	0.877
G	0.734	-0.599	0.255	-0.339
C	0.677	-0.106	-0.053	0.079
C	0.385	0.141	0.166	0.534
A	0.168	-0.060	0.411	0.615
G	0.052	-0.034	0.398	0.502
G	0.331	0.639	0.272	0.220
G	0.337	0.855	0.217	0.123
G	0.367	0.480	0.356	0.461
G	0.184	0.027	0.447	0.557
A	0.410	0.258	-0.134	0.552
G	0.314	0.134	0.438	0.591
G	0.300	0.179	0.369	0.468
U	0.283	0.433	0.170	0.501
G	0.326	0.515	0.341	0.418
C	1.703	-0.638	-0.331	-2.643
U	0.404	1.422	0.036	0.048
G	0.432	3.340	-0.401	-0.928
G	0.387	1.136	0.187	0.161
A	0.368	0.500	0.350	0.452
A	0.390	0.625	0.151	0.432
U	0.221	0.016	0.446	0.610
C	0.318	-0.241	0.237	-0.381
U	-0.614	-0.135	0.252	0.422
C	0.119	-0.019	0.037	-0.719
A	0.157	0.067	0.283	0.314
U	-2.350	0.089	-0.211	-0.429
U	-3.288	-0.772	-0.371	-0.205
U	-5.545	-1.308	-0.721	-0.809
C	-0.010	-0.410	0.298	-0.270
A	0.830	-1.324	-0.488	-1.343
C	0.774	-0.467	0.230	-0.483
A	-0.873	-1.031	-0.869	-0.058
U	-1.010	-0.446	-0.966	0.615
G	-0.692	-0.171	0.196	0.297
U	-0.683	-0.202	-0.238	0.444
G	-1.454	-0.206	0.038	-0.875
G	-0.531	-0.446	0.106	-0.772
G	-1.177	-0.202	0.142	-0.628
G	-0.470	-0.194	0.253	-0.191
A	0.521	-0.151	-0.463	0.785
G	0.219	-0.117	0.445	0.535
G	-0.788	0.031	0.288	-0.154
G	-0.385	0.174	0.272	-0.098
G	0.169	-0.105	0.349	0.354
G	-0.360	-0.549	0.174	0.065
C	1.360	-0.893	-0.728	-1.612
U	-0.378	-0.017	0.332	0.325
C	1.201	-0.165	-0.135	-1.687
C	0.426	0.267	0.365	0.392
C	0.283	0.548	0.326	0.374
C	0.331	-0.490	0.020	-0.700
U	-0.312	0.884	-1.362	0.112
G	0.062	0.866	0.211	0.077
U	0.235	0.485	0.234	0.432
G	0.317	1.134	0.114	-0.068
C	1.505	1.519	-1.091	-2.752
U	-0.171	0.197	0.176	0.492
C	0.457	-0.241	0.327	-0.023
A	0.802	-0.205	-0.524	-0.459
A	0.347	0.200	-0.335	0.542
G	0.462	-0.029	0.410	0.412
G	0.470	0.236	0.342	0.291
U	0.112	0.029	0.257	0.578
C	0.851	-0.528	0.261	-0.387
A	1.848	-2.295	-0.537	-3.671
C	1.108	-1.058	0.138	-1.117
A	1.595	-1.749	-0.223	-2.517
A	2.190	-3.208	-0.953	-4.535
C	2.314	-2.362	-0.346	-3.550
C	0.593	-0.125	0.238	-0.289
A	-0.578	-0.364	-0.263	0.266
A	0.009	0.982	0.012	-0.075
A	0.464	0.286	0.030	0.457
G	0.251	0.031	0.437	0.648
A	0.304	0.076	0.442	0.636
G	0.347	0.051	0.419	0.536
G	0.361	0.278	0.407	0.553
A	0.430	0.157	0.158	0.552
A	0.450	-0.027	-0.201	0.785
G	0.399	0.777	0.227	0.128
C	0.864	-0.434	0.076	-0.372
U	0.338	0.270	0.149	0.602
G	0.194	0.313	0.338	0.287
U	-0.002	0.085	0.338	0.577
G	0.275	0.264	0.399	0.503
A	0.354	0.036	0.470	0.664
U	-0.617	-0.137	0.201	0.550
U	0.074	0.437	0.286	0.388
A	0.407	0.118	0.340	0.537
A	0.328	0.090	0.293	0.471
A	0.404	0.230	0.389	0.462
A	-0.374	-0.429	0.063	0.226
C	0.892	-0.848	0.176	-0.883
C	0.171	0.229	0.338	0.242
C	0.416	-0.054	0.448	0.539
A	0.421	0.077	-0.126	0.775
G	0.357	0.145	0.442	0.614
G	0.342	0.349	0.368	0.436
U	-0.176	0.069	0.356	0.373
C	0.354	0.057	0.464	0.654
C	0.361	0.269	0.410	0.557
C	0.289	-0.016	0.456	0.576
A	0.425	0.167	0.390	0.433
U	0.112	-0.105	0.443	0.645
U	-5.558	-1.389	-1.084	0.191
U	0.025	0.145	-0.307	0.567
G	0.170	0.058	0.418	0.581
C	0.511	0.396	-0.030	0.294
A	0.566	0.228	0.159	-0.038
A	0.626	-0.152	-0.677	0.598
A	0.591	-0.008	-1.082	0.851
G	0.157	-0.100	0.372	0.509
C	0.385	0.263	0.296	0.119
C	-2.698	-0.133	0.038	-1.396
U	-4.020	-1.189	-1.338	0.438
C	1.644	-1.533	-0.458	-2.260
G	0.145	-0.292	0.303	0.073
A	0.658	-0.169	-0.322	-0.014
C	0.689	-0.569	-0.448	-0.122
U	-0.625	-0.250	0.269	0.499
U	-0.225	0.097	0.191	0.509
U	-2.144	-0.177	-0.302	0.115
U	-1.628	-0.297	-0.005	0.223
A	0.676	-0.115	-0.531	0.185
G	-0.070	0.244	0.354	0.286
C	0.779	-0.685	-0.088	-1.481
A	0.708	-0.196	-2.599	1.276
G	0.145	0.217	0.392	0.441
G	0.277	0.107	0.365	0.416
U	0.023	0.133	0.263	0.536
G	0.071	0.178	0.353	0.507
C	0.653	-0.320	0.137	-0.138
A	0.482	-0.055	0.038	0.098
U	-3.000	-0.788	-0.241	-0.021
C	0.069	0.224	0.344	0.250
A	0.241	0.276	0.104	0.073
U	-0.941	-0.349	0.174	0.530
A	0.423	0.417	0.280	0.203
C	1.013	-0.405	-0.022	-1.397
U	-0.097	0.308	0.233	0.297
G	-0.971	0.097	0.253	-0.209
U	-1.025	-0.019	0.182	0.047
U	-0.902	-0.438	0.194	0.618
C	0.439	-0.060	0.434	0.483
C	0.378	0.547	0.255	0.449
C	1.164	-1.171	0.094	-1.340
A	2.310	-3.137	-0.662	-4.544
C	0.704	-1.291	-0.016	-1.877
C	0.472	-0.312	0.370	0.108
C	0.348	0.493	0.295	0.234
C	0.415	-0.257	0.391	0.212
U	-0.573	-0.205	0.305	0.410
C	0.394	-0.209	0.395	0.250
C	0.258	0.260	0.379	0.425
C	0.303	0.109	0.342	0.538
A	0.205	-0.113	0.311	0.309
U	-3.217	-0.319	-0.107	-1.116
C	0.126	-0.042	0.440	0.484
C	0.407	0.358	0.322	0.272
C	0.505	-0.042	0.312	0.349
A	1.762	-2.740	-0.787	-4.157
C	0.627	-0.330	0.295	0.148
U	-1.636	-0.530	-0.070	0.448
U	-2.908	-0.318	-0.309	-0.289
C	1.291	-1.015	0.074	-1.321
U	-0.181	-0.058	0.036	0.600
G	0.143	0.184	0.391	0.479
U	-0.053	0.239	0.213	0.474
C	0.398	0.146	0.413	0.510
C	0.315	0.138	0.437	0.590
A	0.885	-0.531	-1.067	0.097
G	-0.110	0.222	0.301	0.068
C	0.231	-0.377	-1.057	-0.695
C	2.147	-2.700	-0.799	-4.286
G	-0.076	0.028	0.272	-0.029
C	0.734	-0.562	0.086	-0.785
C	0.300	-0.201	0.118	0.121
U	-2.893	-0.477	-0.405	-0.033
A	0.367	-0.267	-2.626	1.248
G	0.367	-0.059	0.398	0.400
C	0.745	-0.118	-0.635	0.210
C	0.342	0.307	0.379	0.459
C	0.407	0.409	0.345	0.386
C	0.437	0.045	0.410	0.448
A	1.234	-1.437	-0.275	-2.320
C	0.435	-0.094	0.445	0.507
U	-0.243	-0.069	0.322	0.549
U	-3.742	-0.653	-0.670	0.158
U	-0.430	-0.130	0.345	0.368
C	0.808	-0.544	0.295	-0.271
U	-0.043	-0.190	0.398	0.697
U	-0.502	0.177	0.163	0.407
U	-0.723	0.053	0.107	0.464
U	-0.835	-0.379	0.193	0.624
U	-0.786	-0.388	0.212	0.637
U	-1.239	-0.513	0.087	0.633
U	-0.436	0.140	0.179	0.475
U	-0.179	-0.162	0.361	0.621
C	1.048	-0.830	0.198	-0.772
U	-0.716	-0.402	0.246	0.636
U	-0.912	-0.128	0.093	0.514
U	-1.572	-0.504	-0.019	0.551
U	-1.459	-0.639	0.055	0.633
U	-0.838	-0.384	0.224	0.548
U	-0.860	0.167	0.123	0.154
U	-0.597	-0.141	-0.317	0.357
G	-0.878	-0.279	0.200	-0.319
A	0.451	-0.056	-0.225	0.810
G	0.276	-0.079	0.453	0.647
A	0.534	-0.093	0.376	0.254
C	0.545	-0.121	0.303	0.278
A	0.624	-0.161	-1.251	0.926
G	0.393	-0.032	0.459	0.590
U	0.084	0.006	0.353	0.534
C	0.879	-0.901	-0.207	-1.225
U	-2.380	-0.370	-0.035	-0.387
C	-0.843	-0.575	0.008	-1.560
C	0.104	-0.098	0.285	-0.144
C	0.414	-0.337	0.200	-0.566
U	-2.774	-0.206	-0.040	-0.962
C	0.122	-0.284	0.087	-0.393
U	-1.701	-0.218	-0.074	0.060
U	-1.382	0.060	-0.001	-0.309
G	-1.093	0.143	0.184	-0.523
C	0.856	-1.426	-0.493	-2.527
U	-0.305	-0.009	0.301	0.287
G	-1.414	-0.030	0.216	-0.525
A	0.353	0.022	0.473	0.670
G	0.273	-0.053	0.481	0.653
G	0.421	0.316	0.357	0.385
C	0.627	-0.202	0.338	0.059
U	-0.076	0.030	0.392	0.428
G	-0.123	0.171	0.349	0.223
G	0.213	0.080	0.413	0.509
A	0.466	-0.080	0.282	0.498
G	0.227	0.127	0.410	0.581
U	0.202	0.026	0.281	0.635
G	0.347	0.407	0.356	0.421
C	0.528	-0.214	0.313	-0.054
A	0.862	-0.254	-3.723	1.644
G	0.306	0.873	0.244	0.234
U	0.201	-0.033	0.212	0.695
G	0.287	0.325	0.384	0.482
G	0.360	0.804	0.221	0.115
C	1.012	-0.670	0.053	-0.948
G	-1.553	0.014	0.053	-1.034
A	0.513	0.277	-0.454	0.586
G	0.354	0.050	0.466	0.657
A	0.371	0.322	0.321	0.550
U	0.142	0.119	0.391	0.551
C	0.749	0.053	0.194	-0.349
U	-1.204	-0.241	0.121	0.272
C	0.794	-0.529	-0.105	-0.582
G	-2.457	-0.039	-0.023	-1.502
G	0.121	-0.082	0.357	0.423
C	0.663	0.367	0.084	-0.617
U	-1.471	-0.455	0.082	0.341
C	0.623	-0.177	0.238	-0.022
A	1.220	-0.719	-0.456	-2.613
C	0.933	-0.667	0.142	-0.912
U	-0.347	0.018	0.181	0.343
G	-0.349	0.089	0.337	0.222
U	0.282	0.188	0.335	0.578
A	0.189	0.039	0.394	0.579
A	1.324	-1.699	-0.456	-2.508
C	0.396	0.166	0.163	0.121
C	0.105	-0.145	0.098	-0.280
U	-2.720	-0.557	-0.254	-0.326
C	0.682	-0.537	-0.154	-0.495
C	1.437	-0.886	-0.594	-1.719
G	0.268	0.131	0.218	-0.103
C	0.413	0.088	0.417	0.493
C	0.143	0.086	0.240	0.396
U	-1.285	-0.264	0.116	0.055
C	0.425	-0.063	0.444	0.520
C	0.259	0.703	0.282	0.284
C	-0.172	0.196	-0.144	0.122
G	-3.182	-0.327	-0.095	-1.593
G	-0.086	0.076	0.379	0.293
G	0.644	0.048	0.220	-0.205
U	0.013	-0.109	-0.318	0.778
U	-0.026	0.270	0.288	0.470
C	0.482	-0.117	0.357	0.162
A	0.574	-0.495	-0.391	0.030
A	0.635	-0.184	-1.380	0.977
G	0.363	0.352	0.388	0.519
C	1.578	-1.235	-0.436	-2.178
G	0.312	0.492	0.295	0.229
A	0.367	0.197	0.356	0.606
U	-0.380	1.049	-0.057	-0.078
U	-0.937	-0.161	0.102	0.326
C	-0.610	-0.208	0.077	-1.075
U	-4.378	-1.012	-0.463	-0.610
C	0.273	0.329	0.178	0.255
C	0.419	-0.173	0.281	0.131
U	-0.399	0.135	-0.094	0.326
G	0.246	0.208	0.303	0.265
C	0.861	-0.425	0.170	-0.418
C	-0.501	0.191	0.122	-0.074
U	-3.406	-0.763	-0.304	-0.305
C	0.283	0.004	0.252	0.361
A	0.551	-0.561	-2.825	1.047
G	0.232	-0.033	0.396	0.387
C	0.430	0.188	0.078	0.579
C	0.383	-0.095	0.004	0.622
U	-1.115	-0.109	0.190	0.038
C	0.621	-0.221	0.315	-0.041
C	0.320	0.167	0.431	0.579
C	0.083	0.160	0.307	0.376
A	-0.132	-0.797	-0.493	-0.092
A	0.464	-0.001	0.269	0.470
G	0.308	0.048	0.451	0.650
U	0.202	0.255	0.298	0.514
A	0.429	0.587	-0.194	0.529
G	-0.025	0.137	0.356	0.241
C	0.459	-0.515	-0.121	-0.985
U	-0.269	-0.092	-0.154	0.519
A	0.760	-0.383	-4.457	1.828
G	0.066	-0.050	0.366	0.285
G	-0.017	0.429	0.314	0.234
A	0.397	0.384	0.085	0.570
U	-0.362	0.076	-0.446	0.580
U	-0.476	0.223	0.250	0.160
A	0.332	0.187	0.154	0.529
C	0.438	-0.034	0.360	0.513
A	0.333	0.413	-0.175	0.591
G	0.089	0.085	0.418	0.466
G	0.364	0.370	0.384	0.511
C	1.728	-1.438	-0.187	-2.509
G	0.171	1.447	0.066	-0.107
C	0.548	-0.126	0.248	0.035
C	0.354	-0.026	0.421	0.444
C	0.852	-0.347	-0.108	-0.547
G	0.169	-0.206	0.178	-0.446
C	0.412	-0.050	0.328	0.080
C	0.600	0.296	-0.103	0.128
A	2.277	-2.186	-0.814	-3.836
C	1.169	-1.020	0.160	-1.008
C	0.514	-0.268	0.238	-0.073
A	0.547	-1.176	-0.835	-1.077
C	0.841	-0.401	0.177	-0.646
G	0.393	-0.308	0.338	0.089
C	0.328	0.120	0.144	0.333
C	0.130	0.218	0.190	0.264
U	-0.267	0.021	-0.351	0.514
G	-0.414	0.090	0.328	0.178
G	0.275	-0.042	0.372	0.403
C	0.474	0.150	-0.040	-0.021
U	-0.030	0.234	0.220	0.501
A	0.282	-0.358	0.200	0.333
A	1.551	-1.194	-0.062	-1.915
C	1.244	-1.301	0.016	-1.702
U	0.014	-0.003	0.374	0.604
U	-0.567	-0.251	0.261	0.579
U	-0.496	0.052	0.083	0.412
U	-0.140	-0.113	-0.404	0.758
G	0.236	0.300	0.335	0.380
U	0.162	0.392	0.164	0.477
A	0.264	-0.067	0.234	0.512
U	0.150	0.091	0.350	0.533
U	-0.090	0.258	0.222	0.407
U	-0.466	-0.044	0.151	0.551
U	-0.064	-0.034	0.212	0.615
U	-1.707	-0.266	-0.328	0.391
A	0.744	-0.369	-3.339	1.543
G	0.261	-0.004	0.386	0.311
U	-0.104	-0.060	0.345	0.442
A	0.492	0.039	-1.174	1.017
G	0.353	0.018	0.474	0.672
A	0.361	-0.010	0.408	0.701
G	0.388	-0.095	0.477	0.625
A	0.378	0.216	0.410	0.532
U	0.328	0.140	0.364	0.608
G	-0.409	0.002	0.353	0.119
G	0.160	0.005	0.409	0.449
G	0.338	0.102	0.434	0.560
G	0.925	-0.359	0.002	-1.127
U	0.033	-0.118	0.110	0.735
U	-0.635	0.041	0.167	0.415
U	-0.509	-0.017	0.171	0.427
C	1.508	-1.427	-0.008	-1.837
A	1.857	-1.626	-0.369	-2.849
C	0.444	-0.332	0.371	0.099
C	0.334	-0.056	0.248	0.349
A	0.321	1.474	-0.367	-0.537
U	0.161	0.016	0.191	0.681
G	-0.019	0.652	0.081	-0.194
U	-1.143	-0.327	-1.314	0.737
U	-1.834	0.026	-0.140	-0.363
G	-1.770	0.145	0.135	-0.780
G	0.163	-0.116	0.341	0.277
C	0.412	0.074	0.362	0.275
C	0.221	0.436	0.346	0.386
A	0.376	0.172	0.176	0.545
G	0.282	0.076	0.449	0.598
G	0.373	0.033	0.457	0.616
C	0.406	0.163	0.276	0.283
U	0.155	0.268	0.309	0.433
G	0.165	0.254	0.338	0.358
G	0.350	0.075	0.387	0.418
U	-0.049	0.033	0.208	0.570
C	0.434	0.523	0.223	-0.020
U	-0.564	0.016	0.197	0.441
C	0.467	-0.163	0.288	-0.130
A	0.282	0.034	0.278	0.412
A	0.425	1.150	0.157	0.058
A	0.356	0.244	0.262	0.374
C	0.514	0.040	0.292	0.290
U	-0.390	-0.061	0.047	0.567
C	0.395	0.646	0.241	0.358
C	0.395	0.092	0.397	0.419
U	-0.283	0.127	0.235	0.335
G	0.285	0.071	0.418	0.583
A	0.457	-0.010	0.366	0.301
C	0.436	-0.009	0.304	0.538
C	-0.286	-0.011	0.267	-0.205
U	-6.512	-1.773	-1.211	-0.190
U	-2.371	-0.567	-0.437	0.189
A	0.588	-0.720	-0.201	-0.419
A	0.566	0.032	-1.103	0.916
G	0.241	0.074	0.403	0.574
U	0.233	0.189	0.313	0.586
G	0.320	0.152	0.434	0.587
A	0.299	0.234	0.305	0.525
U	0.183	0.148	0.395	0.552
U	-0.275	0.303	0.151	0.358
C	1.267	-1.504	-0.169	-2.226
G	0.436	-0.295	0.299	-0.108
C	0.417	-0.071	0.298	0.236
C	0.397	0.241	0.391	0.474
C	0.518	0.048	0.354	0.241
A	1.757	-1.594	-0.288	-2.766
C	1.358	-1.204	-0.189	-1.545
U	-0.584	0.039	0.174	0.110
G	-0.736	-0.096	0.260	-0.270
U	-1.221	-0.036	0.050	-0.304
G	-1.608	-0.099	0.198	-0.597
G	-0.033	-0.052	0.371	0.618
C	0.275	0.184	0.057	0.535
C	0.097	-0.096	0.373	0.194
U	-2.399	-0.232	-0.180	-0.537
C	-0.121	-0.401	0.203	-0.642
C	0.264	-0.022	0.426	0.454
C	0.261	0.266	0.260	0.261
A	0.161	-0.238	-0.048	0.636
A	0.331	0.070	0.075	0.494
A	0.419	0.201	0.053	0.620
G	0.362	0.307	0.400	0.540
U	0.253	0.363	0.287	0.474
G	0.192	0.027	0.426	0.524
C	0.743	-0.462	-0.072	-0.189
U	-0.367	0.034	0.253	0.307
G	-0.593	0.125	0.212	-0.327
G	-0.328	0.260	0.257	-0.052
G	0.154	0.149	0.363	0.295
A	0.310	-0.006	0.236	0.667
U	-1.971	-0.516	-0.318	0.389
U	-0.769	0.075	0.123	0.176
A	0.345	0.401	0.144	0.537
C	0.504	-0.111	0.401	0.338
A	0.327	0.099	0.293	0.659
G	0.363	0.349	0.389	0.521
G	0.289	0.343	0.380	0.475
C	0.413	0.096	0.414	0.489
G	0.296	1.717	-0.074	-0.545
U	-0.449	0.050	0.309	0.235
G	-0.545	0.015	0.337	0.106
A	0.601	-0.125	-1.722	1.234
G	-1.106	0.322	0.043	-0.870
C	-1.109	-0.338	-0.229	-1.186
U	-0.190	-0.141	0.317	0.525
A	0.660	-0.547	-0.577	-2.289
C	1.372	-1.563	-0.169	-2.244
C	1.455	-1.314	-0.337	-1.934
G	0.525	-0.612	0.144	-0.706
C	1.859	-1.491	-2.215	-1.605
C	1.449	-1.362	-0.725	-1.299
C	0.559	0.374	0.218	-0.107
C	0.353	-0.031	0.455	0.572
C	0.542	-0.140	-0.612	0.532
A	1.137	-0.744	-5.906	1.713
G	0.258	-0.203	0.331	0.264
C	1.397	-0.887	-1.518	-0.937
C	0.438	-0.134	-0.184	0.453
C	0.422	0.508	0.179	0.383
C	0.574	-0.346	0.181	-0.037
U	-1.397	-0.218	0.095	-0.059
C	0.465	-0.160	0.348	0.104
C	0.384	0.408	0.361	0.445
C	0.266	0.154	0.378	0.366
A	0.170	0.145	0.303	0.376
U	-2.536	-0.140	-0.105	-0.795
C	0.255	0.248	0.275	0.015
C	0.427	0.607	0.255	0.148
C	0.759	-0.390	0.234	-0.429
A	1.133	-2.337	-0.622	-3.401
C	0.558	-0.214	0.388	0.238
U	-1.939	-0.547	-0.003	0.186
U	-3.150	-0.394	-0.396	-0.229
C	0.871	-0.663	0.030	-0.506
U	-0.294	-0.168	-0.404	0.644
G	0.117	0.271	0.349	0.460
U	-0.495	0.494	0.011	0.262
C	0.384	0.128	0.332	0.472
C	0.375	0.114	0.436	0.579
A	0.664	-0.203	-1.426	0.779
G	0.317	0.066	0.457	0.625
C	0.746	-0.153	-1.223	0.150
C	0.734	-0.510	0.208	-0.299
C	0.357	0.058	0.400	0.406
C	0.373	-0.018	0.438	0.515
C	0.219	-0.397	0.323	-0.143
U	-0.279	0.056	0.123	0.518
A	0.531	-0.148	-1.923	1.269
G	0.292	-0.076	0.399	0.492
C	0.594	0.275	0.160	-0.113
C	0.288	0.230	0.378	0.409
C	0.416	0.058	0.273	-0.075
U	-2.875	-0.735	-0.198	-0.061
A	-0.041	-0.294	-0.022	0.394
C	0.360	-0.089	0.248	-0.256
U	-1.752	-0.150	0.041	-0.187
U	-3.701	-0.741	-0.615	-0.011
U	-1.630	0.087	0.062	-0.386
C	0.689	-0.321	0.262	-0.291
U	-0.883	-0.193	0.217	0.302
U	-3.123	-0.005	-0.478	-0.437
U	-3.980	-0.964	-0.532	-0.425
C	-0.003	-0.223	0.240	-0.394
U	-3.712	-0.200	-0.592	-1.714
G	-3.069	-0.159	-0.113	-1.879
G	-0.356	1.101	0.064	-0.349
G	0.131	0.156	0.406	0.461
A	0.353	0.026	0.224	0.660
U	-0.821	-0.132	0.139	0.319
C	0.501	-0.108	0.283	0.157
C	0.070	0.133	0.330	0.442
A	0.458	-0.069	0.017	0.661
G	0.128	0.181	0.391	0.468
G	0.250	0.345	0.374	0.449
A	0.359	0.219	0.423	0.580
G	0.364	0.397	0.377	0.499
U	-0.287	0.999	0.084	-0.108
C	0.364	-0.037	0.279	0.159
C	0.356	0.128	0.446	0.622
A	0.435	0.271	-0.250	0.703
G	0.375	0.735	0.290	0.345
A	0.393	1.341	0.134	0.068
U	0.362	0.322	0.396	0.533
C	0.672	0.061	0.151	-0.519
C	0.555	-0.058	0.324	0.074
C	0.436	0.511	0.232	0.312
C	0.309	0.287	0.167	0.549
A	0.422	-0.042	-1.123	0.622
G	0.398	0.159	0.410	0.505
C	0.881	0.243	-3.100	0.853
C	1.037	-0.846	0.075	-0.947
C	0.381	0.290	0.390	0.496
C	0.285	-0.150	0.302	0.214
C	0.662	-0.293	0.272	-0.240
U	-3.122	-0.339	-0.074	-1.080
C	0.583	-0.526	0.191	-0.683
U	-2.598	-0.534	-0.068	-0.337
C	-0.170	0.133	0.193	-0.096
C	0.198	0.074	0.437	0.544
A	0.357	0.156	0.439	0.609
G	0.414	2.055	-0.049	-0.258
A	0.341	0.879	0.161	0.287
U	0.134	0.060	0.405	0.576
U	-0.508	-0.211	0.249	0.624
A	0.379	-0.038	0.232	-0.008
C	0.600	-0.320	0.313	0.213
A	0.669	-0.411	0.213	-0.359
U	-0.606	-0.204	0.229	0.569
U	-0.307	0.185	0.255	0.364
C	0.533	-0.206	0.370	0.171
A	0.330	0.133	0.415	0.559
U	-1.479	-0.246	0.145	-0.063
C	0.558	0.152	0.302	0.100
C	0.247	0.102	0.360	0.574
A	0.407	0.053	-0.004	0.760
G	0.343	0.998	0.217	0.198
G	0.312	0.267	0.394	0.550
C	0.575	0.336	0.049	-0.179
A	-0.023	-1.442	-0.689	-1.380
C	0.319	0.017	0.371	0.272
A	0.295	-0.167	-0.422	0.808
G	0.197	0.354	0.320	0.300
G	0.374	0.713	0.296	0.354
A	0.386	0.282	0.182	0.601
A	0.418	0.501	0.243	0.363
A	0.466	0.427	-0.352	0.590
G	0.320	0.223	0.416	0.552
G	0.355	1.014	0.188	0.156
A	0.399	1.085	0.142	0.020
C	0.449	0.501	0.148	0.326
A	0.475	0.213	-0.094	0.529
G	0.172	0.589	0.299	0.281
G	0.370	0.569	0.333	0.420
G	0.730	0.594	0.045	-0.637
U	-0.720	0.085	0.107	0.430
C	0.391	1.269	0.153	0.101
A	0.388	0.165	0.342	0.569
G	0.366	0.463	0.360	0.469
G	0.349	1.259	0.149	0.079
A	0.404	0.611	0.030	0.466
A	0.392	1.318	0.140	0.078
A	0.374	0.724	0.293	0.349
G	0.354	0.059	0.464	0.653
G	0.425	2.412	-0.141	-0.421
A	0.360	0.236	0.418	0.572
G	0.106	0.085	0.421	0.478
G	0.328	0.574	0.325	0.391
A	0.689	1.558	-0.121	-0.769
C	-0.503	0.666	-0.025	-0.314
U	-2.923	-0.215	-0.052	-1.075
C	-0.451	-0.541	-0.208	-1.342
U	-1.665	-0.016	-1.099	-0.423
G	-0.906	0.082	0.223	-0.389
G	0.160	0.814	0.238	0.166
G	0.317	0.266	0.404	0.530
C	0.557	0.020	0.297	0.012
G	-4.354	0.549	-0.343	-2.667
G	0.230	0.218	0.404	0.496
C	0.380	0.856	0.222	0.146
A	1.225	-0.662	-4.075	0.815
G	0.448	1.866	-0.083	-0.418
C	0.172	0.897	-0.315	0.005
C	-0.591	0.028	-0.284	-0.103
U	-2.905	-0.276	-0.162	-0.922
C	0.134	0.156	0.249	-0.144
C	0.249	0.192	0.233	-0.174
A	1.078	-0.823	-0.127	-1.397
C	0.958	-0.609	0.131	-0.923
A	0.033	0.662	0.004	0.074
U	-2.065	-0.137	-0.219	0.136
U	-1.133	-0.175	0.196	0.079
C	0.343	-0.147	0.051	-1.048
C	-0.266	-0.346	0.185	-0.698
C	-0.284	-0.365	0.130	-0.922
C	0.845	-0.714	0.161	-0.873
U	-3.737	-1.228	-1.086	0.518
U	-4.053	-0.542	-0.604	-1.103
C	-0.401	-0.179	0.255	-0.352
C	0.127	-0.388	0.172	-0.357
A	0.560	-0.443	-0.366	-0.172
C	0.663	-0.532	0.155	-0.453
G	-0.400	-0.131	0.228	0.048
C	0.888	0.761	-0.758	-1.966
U	-4.061	-0.932	-0.848	-0.067
U	-3.040	0.330	-0.434	-1.068
G	-3.016	-0.198	-0.206	-1.713
G	-0.664	2.910	-0.533	-1.366
C	0.700	2.026	-2.377	0.209
C	0.413	0.267	-0.052	0.661
C	0.405	0.097	0.420	0.510
C	0.334	0.168	0.412	0.509
C	0.358	0.610	-0.046	0.119
A	0.399	0.151	0.065	0.695
G	0.443	3.027	-0.299	-0.702
A	0.381	0.940	0.237	0.251
A	0.882	18.186	-4.587	-7.548
U	0.206	0.536	0.296	0.383
G	-0.431	1.215	-0.003	-0.543
G	0.163	0.406	0.335	0.390
A	0.228	0.405	0.207	0.422
G	0.262	0.185	0.417	0.532
G	0.282	0.391	0.335	0.395
A	0.466	0.177	0.096	0.471
G	-0.020	-0.092	0.428	0.398
G	0.360	0.128	0.361	0.296
G	0.439	0.324	0.343	0.337
U	0.238	1.052	-0.143	0.233
G	0.081	0.809	0.173	0.258
U	-0.296	0.934	-0.075	0.129
C	0.527	0.754	0.181	-0.050
U	0.084	0.212	0.078	0.523
G	-0.179	2.408	-0.282	-0.811
U	3.152	-1.562	-32.684	8.393
A	0.441	0.714	0.154	0.237
U	-0.647	-0.128	-0.329	0.590
U	-0.102	0.122	-0.309	0.567
A	0.382	0.587	0.224	0.435
C	0.580	-0.030	0.195	-0.406
U	-0.885	0.103	0.250	-0.120
G	-0.846	0.886	-0.017	-0.881
G	-0.557	0.788	0.118	-0.385
G	0.242	2.292	-0.149	-0.452
C	0.997	0.033	-0.333	-1.423
G	0.946	-0.520	0.121	-0.827
A	0.424	0.866	0.115	0.231
G	0.260	0.062	0.422	0.484
G	0.376	0.776	0.280	0.326
U	-0.761	0.347	-0.099	0.283
G	0.298	0.703	0.287	0.310
U	-0.423	1.119	-0.458	-0.194
C	0.404	0.223	-0.022	0.353
C	-0.650	-0.040	-0.441	0.157
U	-2.014	-0.127	-0.082	-0.169
C	-0.054	0.094	-0.051	0.260
C	-0.258	0.909	-0.182	-0.631
C	0.516	-0.006	0.282	-0.064
U	-2.334	-0.049	-0.160	-0.387
U	-7.528	-0.545	-0.971	-3.067
C	0.140	0.025	0.442	0.529
C	-0.340	0.200	0.281	-0.047
U	-2.350	0.009	-0.472	-0.674
G	-1.995	2.417	-0.672	-2.707
G	-1.500	3.922	-0.837	-2.340
G	-0.417	0.333	0.256	0.079
G	-0.291	0.193	0.242	-0.193
A	0.427	0.620	0.281	0.254
C	0.740	-0.387	0.213	-0.509
U	0.145	0.337	0.361	0.384
G	-0.369	0.932	0.131	-0.237
U	0.052	1.029	0.167	-0.007
G	-0.411	0.336	0.281	0.019
G	-1.938	1.435	-0.226	-1.505
G	-5.197	7.789	-2.381	-6.602
G	-3.571	1.320	-0.724	-3.647
G	0.438	0.605	0.085	-0.506
G	0.370	1.242	0.027	-0.226
U	0.403	1.674	0.049	-0.084
G	0.017	1.853	-0.081	-0.352
G	0.340	2.239	-0.293	-0.930
U	-0.020	1.920	-0.157	-0.273
C	0.508	0.354	-0.125	-1.443
A	0.551	0.772	0.160	-0.117
A	1.206	26.375	-6.342	-11.522
A	0.374	0.724	0.293	0.349
A	0.391	1.277	0.151	0.097
G	0.379	0.876	0.254	0.280
A	0.356	0.098	0.454	0.635
C	0.486	4.466	-0.669	-1.359