"Clone sequence"	PC1	PC2	PC3	PC4
				
				
G	0.034	-1.884	-2.171	-0.074
A	0.367	0.040	-0.423	-0.591
G	0.187	-1.005	-1.448	-0.286
C	0.331	-0.183	-0.772	-0.485
A	0.448	0.003	-0.543	-0.443
U	-1.890	-4.170	-3.869	0.428
U	-0.804	0.306	-0.227	-0.433
U	-2.526	0.790	0.411	-0.028
C	0.690	-0.728	-0.759	0.287
A	0.490	-0.292	-0.610	-0.194
U	-1.118	-2.250	-2.330	0.059
C	0.270	0.043	-0.378	0.083
C	0.147	-0.538	-0.983	-0.212
G	-0.678	-0.365	-0.800	1.129
G	0.216	-0.085	-0.667	-0.327
A	0.435	0.062	0.232	-0.710
G	0.388	0.293	-0.374	-0.570
U	-2.236	0.596	0.444	0.285
C	0.767	-0.329	-0.281	0.253
U	-2.134	0.163	0.041	-0.697
G	0.319	0.356	-0.255	-0.328
G	0.332	-0.075	-0.661	-0.434
C	0.338	-0.745	-1.030	-0.238
C	1.202	-0.182	0.075	0.380
G	0.362	-0.429	-0.871	-0.238
C	0.477	-0.298	-0.421	-0.369
C	0.405	0.151	-0.475	-0.524
C	0.467	0.291	-0.300	-0.476
U	-1.240	-0.780	-0.920	-0.485
G	0.379	0.161	-0.488	-0.565
A	0.495	-0.133	-0.464	-0.377
C	0.344	-0.269	-0.660	-0.397
C	0.497	-0.177	-0.478	-0.096
U	-0.445	0.543	0.108	-0.639
U	-0.921	0.588	0.047	0.797
C	-0.309	-0.007	0.103	2.311
C	0.318	0.272	0.296	1.434
C	0.692	0.576	0.096	-0.323
C	0.645	0.488	-0.013	-0.399
C	0.439	0.482	-0.101	-0.328
A	0.516	-0.030	-0.031	-0.505
G	0.346	0.241	-0.346	-0.305
C	0.314	-0.196	-0.515	-0.236
C	0.834	0.235	0.036	-0.062
G	0.468	0.149	-0.392	-0.379
C	0.458	0.085	-0.452	-0.410
C	0.351	-0.257	-0.735	-0.273
U	-0.213	0.285	-0.282	-0.531
G	0.059	0.383	-0.248	-0.023
C	1.417	0.102	0.390	0.566
A	0.407	-0.134	-0.114	-0.586
G	0.329	0.261	-0.265	-0.101
G	0.113	-0.062	-0.629	-0.103
G	0.169	0.548	-0.046	0.051
G	0.240	-0.194	-0.742	-0.317
G	0.443	0.381	-0.242	-0.495
C	0.560	0.346	-0.075	-0.438
G	0.311	0.117	-0.447	-0.257
C	0.609	0.366	-0.109	-0.404
C	0.249	0.001	-0.560	-0.351
A	0.324	-0.177	-0.287	-0.635
G	0.351	0.012	-0.610	-0.520
A	-0.318	-3.930	-3.783	0.407
G	0.121	0.489	-0.179	-0.118
G	0.177	-0.808	-1.282	-0.264
G	0.339	0.330	-0.323	-0.560
C	0.454	-0.122	-0.459	-0.392
C	0.332	0.179	-0.267	-0.422
G	-0.138	0.297	-0.312	0.288
G	0.282	-0.387	-0.938	-0.415
A	0.370	-0.038	-0.608	-0.516
G	0.324	0.193	-0.435	-0.424
C	0.416	-0.478	-0.833	-0.289
A	0.530	0.282	-0.023	-0.529
C	0.376	0.032	-0.576	-0.525
G	0.135	-1.024	-1.453	-0.198
G	0.215	-0.797	-1.276	-0.333
A	0.418	0.276	-0.256	-0.627
A	0.390	0.187	-0.402	-0.583
A	0.436	0.365	-0.204	-0.641
G	0.356	-0.049	-0.659	-0.514
C	0.350	-0.152	-0.717	-0.462
A	0.175	-2.033	2.072	-1.139
G	0.122	0.360	-0.274	-0.083
C	0.906	0.353	0.113	-0.010
G	-0.710	0.355	-0.188	1.231
G	0.386	0.118	-0.515	-0.535
A	0.486	0.328	-0.219	-0.566
U	-1.149	0.673	0.134	0.611
C	0.358	0.457	0.111	0.351
C	0.607	0.289	0.036	-0.091
U	-1.146	-0.248	1.181	-0.768
U	-1.030	-0.140	0.304	-0.609
G	0.376	0.200	-0.411	-0.448
A	0.373	-0.270	-0.166	-0.583
U	-2.466	0.402	0.242	-1.007
G	0.282	0.362	-0.292	-0.413
C	3.300	-0.336	1.789	2.473
U	-1.836	0.564	0.574	-0.937
G	0.453	-0.115	-0.507	-0.140
C	0.780	0.448	0.114	-0.320
C	0.607	0.161	-0.117	-0.083
U	-0.671	0.341	0.381	-0.559
U	-2.169	-0.948	2.380	-1.505
A	-0.241	-0.458	0.777	-0.845
A	0.008	-1.758	1.639	-1.131
G	0.346	0.254	-0.386	-0.483
U	-2.025	0.637	0.278	-0.504
C	0.423	0.268	-0.234	-0.491
C	0.485	0.551	-0.085	-0.598
G	-1.215	0.284	-0.038	2.339
G	0.193	0.334	-0.287	-0.486
C	0.512	0.206	-0.232	-0.314
U	-2.241	0.812	0.847	-0.110
C	-0.067	0.483	0.011	0.280
A	0.396	0.246	0.021	-0.705
G	0.344	0.405	-0.272	-0.553
A	0.077	-1.634	-1.934	-0.144
G	0.333	0.287	-0.372	-0.460
G	-0.295	0.404	-0.208	0.528
G	0.230	-0.123	-0.611	-0.296
G	0.396	0.182	-0.422	-0.449
C	0.797	0.065	0.009	-0.130
G	0.484	0.414	-0.183	-0.437
C	0.302	0.094	0.152	-0.094
A	0.521	-1.799	2.185	-0.765
G	0.321	0.320	-0.334	-0.421
C	5.028	-1.913	3.389	5.060
G	0.243	-0.056	-0.562	-0.207
U	-1.667	0.553	0.142	-0.815
G	-0.273	-0.890	-1.299	0.441
G	0.350	0.324	-0.344	-0.574
C	0.239	-0.646	-1.033	-0.387
C	0.411	0.285	-0.342	-0.570
U	-1.679	0.561	0.371	-0.087
G	-1.653	0.205	-0.203	1.564
G	-1.333	0.262	-0.158	2.138
G	0.345	0.419	-0.255	-0.517
G	0.270	0.263	-0.351	-0.372
U	-1.944	0.595	0.328	-0.841
C	0.640	-0.130	-0.361	-0.169
G	0.302	0.271	-0.339	-0.313
C	0.366	-0.319	-0.672	-0.175
U	-1.776	0.849	0.347	-0.560
A	0.336	0.427	-0.025	-0.643
U	-0.020	0.438	0.018	-0.438
C	0.723	0.333	-0.007	-0.247
U	-1.979	0.778	0.311	0.674
U	-2.883	-0.614	-0.807	3.472
C	0.494	-0.482	-0.752	0.010
C	0.317	-0.150	-0.697	-0.335
C	0.865	0.404	0.180	-0.021
A	0.552	0.246	-0.068	-0.455
U	-1.352	0.253	0.552	0.119
C	0.885	0.344	0.968	1.776
C	0.282	0.321	-0.110	-0.448
G	-1.301	-0.831	-1.140	2.049
G	0.384	0.409	-0.277	-0.544
A	0.472	0.001	-0.440	-0.446
A	0.567	0.209	-0.186	-0.448
C	0.610	0.482	0.051	-0.489
A	0.731	-0.518	0.609	-0.224
U	-0.788	0.443	0.540	-0.432
C	1.400	-0.278	0.228	0.726
U	-1.584	0.058	0.981	-1.175
G	0.619	0.331	-0.083	-0.270
C	0.721	-0.068	0.161	-0.319
C	0.434	0.398	-0.266	-0.617
C	0.537	0.325	-0.215	-0.473
U	-0.226	0.535	0.077	-0.622
G	0.235	0.250	-0.319	-0.223
C	0.613	0.091	0.178	0.139
U	-0.695	0.592	0.199	-0.316
G	-1.275	0.156	0.490	2.012
G	-0.774	0.500	0.054	1.119
G	-1.331	0.513	-0.019	2.111
G	0.340	0.387	-0.245	-0.363
G	0.418	0.464	-0.032	-0.251
A	0.528	0.396	-0.099	-0.531
C	0.609	0.012	-0.311	-0.250
A	0.566	-0.199	-0.505	-0.263
C	1.191	-0.353	0.008	0.848
U	-0.328	0.369	-0.172	-0.361
A	0.814	0.106	0.388	-0.068
C	0.553	0.108	-0.263	-0.163
G	-2.452	-0.038	-0.381	3.828
G	0.186	-0.907	-1.353	-0.253
G	0.410	0.342	-0.291	-0.549
C	0.282	-0.570	-0.705	-0.463
C	0.385	0.333	-0.328	-0.509
U	-0.452	0.636	0.081	-0.405
U	-0.841	0.479	0.134	0.394
C	0.781	0.258	0.623	1.051
C	0.691	0.354	0.067	-0.152
C	0.608	0.318	0.163	0.427
U	-0.365	0.401	-0.010	-0.531
U	-0.654	0.201	0.333	0.247
G	0.275	-0.179	-0.723	-0.392
C	0.329	0.007	-0.401	-0.449
C	0.356	0.488	-0.152	-0.474
U	-0.686	0.444	0.116	0.117
G	-1.202	0.550	0.020	1.948
A	0.373	0.005	0.355	-0.774
G	-1.695	0.917	0.363	2.713
G	0.069	0.496	-0.108	0.047
G	0.203	0.322	-0.193	-0.463
U	-1.587	-0.737	1.967	-1.225
A	-1.702	-8.145	8.357	-3.548
G	0.091	0.102	-0.488	-0.081
G	0.345	0.409	-0.216	-0.398
G	0.520	-0.101	-0.266	-0.015
U	-1.250	-1.384	2.070	-0.627
C	1.073	-0.535	0.482	0.969
U	-2.812	0.127	-0.113	-0.196
C	0.337	-0.514	-0.886	-0.337
A	-0.555	-0.148	1.037	-0.182
A	-0.512	-3.310	2.194	-1.422
G	0.428	0.416	-0.255	-0.588
G	0.312	-0.167	-0.733	-0.436
U	-1.848	-0.506	1.130	-1.041
C	0.200	-1.282	-1.616	-0.164
A	3.295	-0.612	1.521	2.597
C	0.872	0.433	0.169	-0.154
U	-1.601	0.302	0.639	-0.896
U	-0.561	0.436	0.429	-0.831
G	0.299	0.502	-0.044	-0.370
C	0.657	-0.759	0.808	-0.342
C	0.767	-0.712	0.247	-0.080
C	2.106	0.260	1.189	1.041
C	1.167	0.295	0.583	0.269
C	1.196	-0.994	1.567	0.305
A	0.130	-3.317	3.318	-1.269
G	0.350	0.401	0.059	0.324
C	0.804	-0.879	1.109	-0.046
U	-1.777	0.159	0.772	-0.964
U	-0.454	0.503	0.102	-0.637
G	0.359	-0.011	-0.607	-0.484
A	0.522	0.103	-0.127	-0.495
C	0.634	0.445	-0.033	-0.430
C	0.348	-0.011	-0.232	-0.505
U	-2.243	0.793	0.685	-0.422
G	-0.432	0.409	-0.197	0.667
G	0.412	0.438	-0.240	-0.568
C	0.335	-0.126	-0.666	-0.459
C	0.256	0.158	-0.295	-0.373
G	-0.744	0.404	-0.170	1.212
G	0.242	0.324	-0.244	-0.089
A	0.437	-0.884	1.399	-0.857
G	0.337	0.390	-0.289	-0.482
U	-1.635	0.636	0.615	-0.370
G	-0.501	0.510	-0.022	1.018
G	0.340	0.457	-0.155	-0.307
C	0.510	-0.164	-0.495	-0.184
U	-1.589	-0.089	-0.249	1.118
A	-0.266	-0.713	1.323	-0.841
U	-1.354	0.549	0.642	-0.226
A	0.132	-1.310	1.082	-1.037
G	0.420	0.378	-0.306	-0.610
A	0.353	-0.184	-0.666	-0.484
G	0.413	0.463	-0.234	-0.591
G	0.344	-0.105	-0.695	-0.475
A	0.283	-0.703	-1.152	-0.319
C	0.382	0.157	-0.429	-0.477
U	-0.734	0.686	0.153	0.288
U	-1.732	0.093	-0.072	-0.203
U	-2.445	0.046	1.215	-1.104
G	0.078	0.013	-0.528	-0.200
U	-0.399	-0.116	0.640	-0.768
C	0.579	0.264	-0.076	-0.253
C	0.418	0.062	-0.519	-0.492
C	0.509	0.304	-0.188	-0.314
U	-0.435	0.367	-0.056	-0.441
G	-0.036	0.604	0.019	0.326
C	-0.712	0.523	0.635	2.987
A	0.507	0.297	0.303	-0.687
G	0.436	0.366	-0.308	-0.604
A	0.508	-0.034	-0.495	-0.386
C	0.724	0.345	0.023	-0.296
U	-1.517	0.434	4.806e-005	-0.717
G	0.288	0.525	-0.091	-0.187
C	0.689	0.469	0.147	-0.062
A	0.570	-0.045	0.226	-0.511
G	0.378	0.573	-0.110	-0.458
C	0.555	0.275	-0.140	-0.302
A	0.498	0.183	-0.062	-0.568
G	0.280	0.598	-0.080	-0.299
C	0.356	0.070	-0.015	0.092
A	0.473	0.487	-0.020	-0.673
G	0.572	0.532	-0.060	-0.469
A	0.438	0.199	-0.392	-0.547
G	0.507	0.346	-0.239	-0.502
A	0.559	-0.266	-0.534	-0.255
U	-1.642	0.306	-0.100	-0.867
G	0.408	0.373	-0.293	-0.587
A	0.464	0.046	-0.104	-0.550
C	0.772	0.350	0.047	-0.268
A	0.678	-0.316	-0.123	-0.029
C	2.133	0.035	1.076	1.193
U	-2.126	0.593	1.075	-1.127
G	0.346	0.356	-0.234	-0.385
U	-1.411	0.243	0.525	-0.158
C	0.550	-0.339	-0.100	0.158
U	-3.384	0.972	1.032	2.367
C	0.902	-0.263	0.968	0.367
U	-1.498	0.149	0.541	0.334
G	-1.587	0.557	0.141	2.637
A	0.421	-0.778	1.266	-0.827
G	0.329	0.451	-0.202	-0.453
U	-1.115	0.176	0.753	-0.607
G	0.386	0.225	-0.168	0.138
C	-1.444	0.268	0.267	3.026
A	0.471	0.169	0.190	-0.673
G	0.393	0.274	-0.343	-0.463
A	0.452	0.328	-0.250	-0.595
G	0.516	0.555	-0.074	-0.557
A	0.728	0.039	-0.159	-0.228
U	-0.625	-0.301	-0.328	-0.166
G	-1.346	0.828	0.418	1.526
G	-0.168	0.349	-0.240	0.340
G	0.180	0.488	-0.159	-0.192
G	0.359	0.263	-0.387	-0.491
G	0.403	0.451	-0.230	-0.587
C	0.385	0.116	-0.364	-0.400
A	0.369	-0.051	0.036	-0.702
G	0.385	0.435	-0.246	-0.521
G	0.155	-0.156	-0.730	-0.209
G	0.242	-0.101	-0.673	-0.299
A	0.368	0.073	-0.501	-0.543
G	0.320	0.015	-0.556	-0.403
C	0.177	-1.233	-1.495	-0.111
U	-2.387	-0.059	0.553	1.148
G	-1.421	0.162	-0.240	2.235
G	-0.025	-0.480	-0.948	0.065
G	0.026	-0.628	-0.966	0.179
A	0.524	-0.381	0.355	-0.521
G	0.677	-0.910	-0.817	0.411
A	0.572	-0.563	0.042	-0.319
G	0.176	0.240	-0.152	0.407
G	0.211	0.032	-0.539	-0.317
G	0.037	-0.366	-0.625	-0.107
U	-1.618	-0.847	0.299	-0.260
U	-3.394	0.014	-0.007	-0.445
C	0.442	0.293	-0.245	-0.449
A	0.119	-1.631	-1.725	-0.084
A	0.396	-0.016	-0.045	-0.639
G	0.386	0.222	-0.428	-0.538
C	0.364	-0.139	-0.511	-0.409
U	-0.153	0.505	-0.059	-0.588
A	0.284	-0.684	-0.886	-0.326
C	0.981	-1.419	-0.957	0.683
U	-2.009	-1.433	2.596	-0.843
G	0.106	0.221	-0.254	0.299
G	0.376	0.117	-0.515	-0.533
A	0.723	0.201	0.005	-0.324
A	0.368	0.126	-0.139	-0.670
C	0.896	-0.093	-0.091	-0.017
A	1.458	-0.037	0.887	0.343
G	0.413	0.498	-0.191	-0.594
C	0.341	-0.145	0.351	-0.234
U	-1.357	0.622	0.310	0.797
U	-3.820	1.210	0.971	0.133
C	0.039	-0.176	-0.611	0.067
A	0.317	-0.100	0.430	-0.860
G	0.334	0.060	-0.562	-0.505
A	0.263	-0.617	-0.889	-0.436
A	0.471	0.344	-0.251	-0.573
C	0.510	0.322	-0.031	-0.588
A	0.704	0.309	0.015	-0.357
A	1.009	-0.005	0.214	0.017
C	1.211	0.332	0.457	0.238
U	-2.219	0.587	0.914	-0.096
A	0.359	-0.502	0.914	-0.600
G	-0.063	0.572	-0.011	0.373
G	0.322	0.126	-0.414	-0.246
G	0.277	0.235	-0.269	-0.362
U	-1.525	0.231	0.510	-0.288
A	0.458	0.138	-0.090	-0.456
C	1.710	0.241	0.878	0.810
U	-2.972	0.813	1.151	-0.072
A	0.424	0.007	0.375	-0.708
G	0.429	0.271	-0.223	-0.368
G	0.257	-0.140	-0.726	-0.361
A	0.371	-0.052	-0.623	-0.499
A	0.409	-0.248	-0.702	-0.399
C	0.475	-0.204	-0.573	-0.106
U	-1.373	0.496	0.043	-0.698
G	-0.179	0.504	-0.017	0.617
C	0.767	0.214	0.504	1.102
U	-2.068	-0.165	-0.032	-0.570
G	-0.242	0.471	-0.142	0.296
U	-1.408	0.756	0.436	-0.889
G	-0.075	-0.609	-1.069	0.126
U	-2.514	0.886	0.748	-0.997
C	0.423	0.143	-0.416	-0.488
A	0.306	0.052	-0.345	-0.583
G	0.253	0.472	-0.206	-0.346
G	0.370	0.374	-0.292	-0.504
G	0.307	-0.029	-0.627	-0.443
A	0.448	0.475	-0.177	-0.657
G	0.316	0.368	-0.305	-0.441
A	0.391	0.169	-0.277	-0.631
A	0.323	-0.276	-0.376	-0.592
G	0.219	0.461	-0.215	-0.278
G	0.375	0.428	-0.245	-0.494
G	-0.117	-0.314	-0.816	0.134
G	-0.313	0.672	0.174	0.034
C	-0.084	0.067	-0.211	0.775
U	-1.503	0.289	-0.080	-0.498
C	0.680	0.005	-0.049	0.032
A	0.863	-0.723	0.662	-0.046
A	0.783	-0.087	0.548	-0.291
G	1.064	0.416	0.351	0.265
G	0.473	0.409	-0.239	-0.556
A	0.620	-0.409	-0.608	-0.139
C	0.687	-0.274	-0.406	0.056
U	-0.933	0.687	0.110	-0.045
C	0.876	-0.464	-0.292	0.234
G	-0.660	0.602	0.648	2.730
C	0.700	0.242	0.189	0.495
A	0.463	0.311	-0.081	-0.632
G	0.332	-0.122	-0.711	-0.459
G	0.383	0.148	-0.486	-0.533
C	0.422	0.345	-0.293	-0.607
C	0.343	0.376	-0.237	-0.366
U	-1.685	0.535	0.694	0.609
G	-1.196	0.786	0.318	2.078
G	-0.028	0.085	-0.497	0.038
G	-0.298	-0.034	-0.582	0.123
A	0.407	0.332	-0.266	-0.625
G	0.408	0.680	-0.043	-0.559
G	0.178	-0.354	-0.900	-0.351
A	0.382	0.169	0.065	-0.733
G	0.127	0.705	-0.002	-0.148
G	-0.192	-0.532	-1.003	0.332
G	0.247	0.045	-0.540	-0.370
G	-0.149	0.627	0.097	-0.545
C	0.453	-0.200	-0.363	-0.232
C	0.462	-0.572	-0.836	-0.002
U	-2.038	0.496	0.180	1.061
A	0.252	-0.522	0.801	-0.974
G	0.440	0.517	-0.192	-0.633
G	0.164	-1.186	-1.579	-0.208
C	0.349	-0.204	-0.736	-0.456
C	0.415	0.287	-0.356	-0.583
A	0.030	-2.113	-1.826	-0.135
G	0.417	0.436	-0.161	-0.327
C	0.169	-0.901	-1.023	0.017
C	0.321	0.424	-0.119	-0.117
A	3.045	-0.889	1.961	2.238
U	-1.578	0.166	0.858	-0.390
G	-2.893	0.502	0.166	4.451
G	0.151	-0.341	-0.853	-0.188
G	-0.203	-0.620	-0.944	0.662
A	0.567	-0.014	0.396	-0.551
G	0.298	-0.020	-0.531	-0.277
U	-1.487	-0.049	1.073	-0.454
U	-1.998	-1.462	0.043	-0.010
G	-1.129	0.386	0.300	2.449
G	0.324	0.235	-0.061	-0.027
G	0.574	-0.110	-0.274	0.178
U	-1.169	0.157	0.298	-0.698
C	0.642	-0.175	-0.334	-0.185
A	1.696	-1.381	-0.145	1.337
C	0.650	0.094	-0.042	-0.217
C	0.348	-0.158	-0.146	-0.047
U	-1.383	-0.715	-0.287	-0.254
G	-0.336	-0.975	-1.331	0.496
U	-1.482	0.438	0.547	-0.884
G	0.178	-0.195	-0.740	-0.383
U	-2.591	-0.084	0.484	-0.524
C	0.745	-0.675	0.130	0.300
U	-0.809	-0.596	-0.319	-0.357
G	-0.229	-0.302	-0.797	0.379
A	0.383	0.131	-0.128	-0.664
G	0.412	0.611	0.004	-0.343
G	0.388	0.198	-0.413	-0.518
A	0.632	0.296	0.046	-0.412
C	0.689	0.338	-0.036	-0.164
U	-3.475	0.370	0.862	0.021
U	-1.989	0.689	0.673	-0.866
G	-0.381	0.071	-0.165	0.942
G	0.265	0.198	-0.325	-0.296
U	-1.784	0.551	0.213	-0.930
G	0.281	0.033	-0.576	-0.449
C	2.007	-0.190	0.655	1.184
U	-2.184	0.099	-0.113	-0.859
G	0.323	0.325	-0.341	-0.482
U	-2.460	0.890	0.614	-0.881
C	2.003	-0.337	0.562	1.301
U	-2.250	0.108	0.106	0.091
G	-2.028	0.407	0.024	3.366
G	0.031	0.006	-0.579	-0.015
A	0.332	-0.369	-0.688	-0.459
U	-1.121	0.740	0.292	0.082
U	-1.916	0.958	0.566	0.136
U	-1.727	0.676	0.372	-0.552
U	-3.020	0.918	1.324	-1.062
G	0.471	0.244	-0.221	-0.158
C	0.593	0.120	-0.253	-0.333
C	0.685	0.240	-0.117	-0.256
A	0.934	0.332	0.271	-0.144
A	4.105	-1.250	2.543	3.280
C	2.153	0.189	1.231	1.290
C	0.356	-0.437	1.146	0.686
U	-3.864	-0.126	1.888	2.678
A	0.210	-0.223	-0.200	-0.572
G	-1.555	0.610	0.092	2.464
G	0.132	0.015	-0.575	-0.143
G	0.031	0.528	-0.078	-0.499
C	0.308	0.010	-0.300	-0.026
U	-2.802	0.523	0.877	2.535
G	-2.029	0.333	-0.025	3.247
G	-0.453	0.231	-0.307	0.804
G	0.276	0.503	-0.151	-0.335
G	0.366	0.211	-0.315	-0.313
U	-1.995	0.652	0.500	-1.004
C	0.663	0.078	-0.213	-0.185
A	0.617	-1.447	-0.376	0.021
G	0.247	-0.404	-0.921	-0.303
C	1.161	-0.490	0.896	0.204
U	-2.071	0.010	0.533	-0.152
G	-0.566	-0.233	-0.591	1.240
A	0.468	-0.063	0.066	-0.575
U	-2.268	-1.964	-1.861	-0.312
G	0.281	0.178	-0.430	-0.360
C	0.422	-0.032	-0.409	-0.449
C	0.360	-0.052	-0.069	-0.686
C	0.512	-0.997	-1.019	-0.027
A	2.334	-0.568	0.759	1.657
C	1.556	0.215	0.552	0.648
C	0.678	-0.161	0.132	-0.276
A	0.561	-0.518	-0.375	-0.234
C	0.741	0.325	-0.091	-0.295
G	0.379	0.158	-0.443	-0.452
A	0.523	0.334	-0.132	-0.539
C	0.259	0.369	-0.158	-0.025
U	-1.687	0.844	0.360	0.710
C	0.231	0.453	-0.172	-0.185
C	0.510	0.461	-0.139	-0.504
C	1.203	-0.017	0.360	0.795
G	-1.555	0.674	0.504	3.426
A	0.406	-0.318	0.702	-0.787
G	0.418	0.472	-0.218	-0.582
C	0.198	-1.386	0.906	-0.863
C	0.200	0.352	0.115	0.391
U	-2.031	0.954	0.452	1.410
C	0.466	0.494	-0.143	-0.502
C	0.393	0.391	-0.188	-0.390
A	0.430	0.247	0.188	-0.714
G	0.577	0.435	-0.135	-0.463
G	0.399	0.137	-0.494	-0.538
A	0.576	-0.003	-0.364	-0.344
A	0.595	0.483	-0.076	-0.503
C	0.982	-0.197	-0.245	0.160
U	-1.493	0.867	0.473	-1.013
G	0.387	0.518	-0.189	-0.557
A	0.415	0.357	-0.216	-0.648
A	0.428	0.163	-0.417	-0.534
A	0.920	0.285	0.094	-0.112
C	0.593	0.279	0.002	0.256
C	0.655	0.310	-0.128	-0.281
C	1.606	-0.413	0.322	0.997
U	-1.278	0.099	0.869	-0.575
G	0.220	0.434	-0.170	-0.240
U	-1.505	0.480	0.529	-0.679
C	1.098	-0.151	0.270	0.290
U	-0.921	0.413	0.257	-0.598
G	0.461	0.341	-0.087	-0.117
C	0.541	-0.490	0.688	-0.390
C	1.918	-0.814	2.081	1.685
C	2.320	-0.016	2.777	4.487
C	1.448	0.424	1.026	1.222
C	-1.056	-0.450	0.785	2.702
A	0.402	0.147	0.182	-0.734
G	0.238	0.452	-0.224	-0.323
G	0.218	-0.023	-0.585	-0.193
G	0.516	0.388	0.084	-0.077
U	-1.914	0.133	0.300	0.430
C	2.408	-0.262	1.195	2.059
U	-1.785	0.763	0.519	-0.170
G	0.045	0.380	1.450	3.516
G	-1.948	-2.042	-1.923	3.171
G	0.062	0.180	-0.327	0.135
G	0.334	0.586	-0.120	-0.547
A	0.338	0.243	-0.155	-0.667
A	0.068	-1.687	-1.596	-0.245
G	0.416	0.410	-0.283	-0.610
G	0.243	-0.284	-0.842	-0.350
A	0.419	0.149	-0.458	-0.522
G	0.503	0.518	-0.113	-0.512
G	0.454	0.445	-0.217	-0.558
C	0.032	-2.083	-2.273	0.102
U	-2.018	-1.158	-1.273	-0.497
G	0.012	-0.535	-1.013	0.037
C	2.129	-0.135	0.932	1.418
U	-1.250	-0.072	-0.086	-0.424
G	-0.283	-0.111	-0.592	0.582
A	0.510	-0.417	0.314	-0.515
G	0.305	-0.176	-0.761	-0.444
U	-2.003	0.930	0.580	0.013
A	0.312	-0.272	-0.658	-0.512
G	0.346	-0.137	-0.729	-0.489
A	0.379	-0.258	-0.761	-0.412
A	0.519	0.626	-0.052	-0.621
C	0.604	0.263	-0.235	-0.376
C	0.414	0.315	-0.310	-0.551
A	0.486	0.586	-0.120	-0.648
A	1.039	-0.113	-0.081	0.175
C	2.181	0.164	0.991	1.170
C	0.546	0.419	-0.183	-0.513
C	0.446	0.477	-0.229	-0.644
C	0.365	0.425	-0.176	-0.523
A	0.278	-0.324	0.270	-0.817
G	0.393	0.229	-0.426	-0.552
G	0.409	0.329	-0.343	-0.584
U	-1.856	0.577	0.306	-0.796
U	-1.391	1.049	0.504	-0.974
A	0.510	0.197	-0.280	-0.474
C	0.597	0.634	0.046	-0.470
C	0.380	-0.129	-0.672	-0.427
A	0.483	0.554	-0.101	-0.624
A	1.970	0.140	0.854	0.964
C	2.109	-0.017	0.810	1.177
C	0.477	0.207	-0.246	-0.115
C	1.036	0.106	0.050	0.182
C	1.137	0.400	0.529	0.731
A	2.182	-0.208	0.907	1.435
C	0.835	0.248	0.107	-0.135
C	0.436	0.089	-0.397	-0.420
U	-1.553	1.035	0.514	-0.490
C	0.441	0.529	0.053	-0.458
A	0.880	-0.645	1.296	-0.309
G	0.253	0.299	-0.119	0.252
C	0.895	-0.388	0.131	0.650
C	1.321	0.444	0.621	0.495
A	1.918	0.223	0.940	0.887
C	1.520	0.285	0.683	0.744
C	0.638	0.332	-0.005	-0.154
C	0.842	0.427	0.132	-0.163
C	1.766	0.218	0.901	1.186
U	-0.536	0.466	-0.005	-0.663
U	-0.796	0.542	0.234	-0.630
G	0.460	0.433	-0.169	-0.417
C	0.875	0.022	-0.105	-0.028
C	0.465	0.589	-0.103	-0.636
A	0.386	-0.397	0.851	-0.849
G	0.505	0.584	-0.089	-0.583
C	0.377	-0.171	-0.236	-0.559
C	0.465	0.523	-0.126	-0.492
A	0.410	0.392	0.050	-0.673
A	0.446	0.353	-0.195	-0.595
A	0.433	0.352	0.040	-0.709
G	0.437	0.442	-0.251	-0.614
C	0.423	-0.084	-0.565	-0.443
A	0.480	0.423	-0.126	-0.618
A	1.003	0.302	0.129	-0.043
A	0.915	0.418	0.231	-0.162
C	0.633	-0.484	-0.607	-0.004
A	0.613	0.315	0.053	-0.486
G	0.436	0.449	-0.222	-0.546
G	0.393	0.323	-0.341	-0.547
C	0.375	-0.084	-0.543	-0.520
C	0.440	0.512	-0.060	-0.280
C	0.547	0.337	0.156	0.111
G	-2.820	1.062	0.735	4.846
G	0.106	0.585	-0.082	-0.623
C	0.422	0.124	-0.315	-0.563
C	0.499	0.384	-0.201	-0.483
C	0.998	0.345	0.225	0.048
G	-4.271	1.194	0.870	6.800
G	0.379	0.538	-0.141	-0.624
C	0.229	-0.874	-1.283	-0.273
A	0.556	0.111	-0.245	-0.333
C	0.961	0.279	0.289	0.332
U	-2.122	0.549	0.701	1.541
G	-1.674	0.288	0.692	4.641
G	-0.793	-0.103	-0.447	1.629
G	-0.324	-0.527	-0.956	0.611
G	0.295	-0.211	-0.663	-0.132
G	0.235	0.398	0.035	-0.166
U	-1.501	-0.259	1.081	-0.468
U	-1.404	-0.581	-0.456	0.712
C	-0.002	-1.211	-1.239	0.271
C	0.442	-0.040	-0.231	0.364
U	-2.600	0.244	0.066	2.064
U	-4.507	0.696	0.552	3.444
C	0.051	-0.671	-0.608	0.423
U	-3.027	0.350	1.538	0.213
C	0.569	-1.131	-1.036	0.139
G	0.239	-0.587	-1.084	-0.349
A	0.400	0.098	-0.392	-0.568
A	0.618	0.254	-0.191	-0.368
C	0.615	0.172	-0.281	-0.338
C	-0.367	0.460	-0.037	0.724
A	1.109	-1.505	2.500	-0.206
G	0.414	0.210	-0.335	-0.296
G	-0.674	0.456	0.035	1.204
A	0.241	-0.876	0.992	-0.961
G	0.226	0.270	-0.379	-0.346
U	-1.196	-0.941	1.782	-1.257
U	-2.899	1.259	0.916	-0.910
C	0.433	0.386	-0.241	-0.545
A	0.779	-0.271	0.519	-0.271
G	0.463	0.442	-0.186	-0.510
C	0.500	0.140	-0.045	-0.460
C	0.280	0.126	0.121	-0.402
U	-0.054	-0.245	-0.509	-0.231
C	0.502	0.403	-0.071	-0.245
C	0.463	0.383	-0.252	-0.545
C	0.264	-0.498	-0.968	-0.402
C	0.427	0.357	-0.245	-0.544
U	-0.823	0.265	-0.105	-0.397
G	0.382	0.197	-0.445	-0.531
A	0.431	0.367	-0.198	-0.626
C	0.475	-0.077	-0.500	-0.376
C	0.259	0.555	-0.066	-0.190
C	0.779	0.420	0.087	-0.131
G	-1.675	0.528	0.401	3.491
C	1.132	0.272	2.127	5.215
A	0.529	-0.206	0.800	-0.708
G	0.480	0.416	-0.214	-0.512
A	0.303	-0.330	0.198	-0.774
A	0.495	0.240	-0.222	-0.516
U	-0.777	0.260	0.337	0.399
C	0.719	0.322	0.088	0.084
U	-1.832	0.662	0.321	0.062
U	-2.098	0.645	1.000	0.237
C	1.223	-0.229	1.133	0.288
U	-1.346	-0.410	0.784	-0.938
G	-0.040	0.173	-0.420	0.092
A	0.440	0.270	0.137	-0.671
U	-1.935	0.606	0.311	1.789
C	0.653	0.488	0.281	0.139
C	0.364	0.428	-0.151	-0.469
C	0.778	0.271	0.111	-0.020
A	1.751	0.001	0.811	0.878
C	0.915	0.402	0.238	-0.116
C	0.798	0.370	0.112	-0.125
C	3.778	-0.295	2.209	2.997
G	0.450	0.492	0.129	0.171
C	0.972	0.137	0.347	0.780
U	-1.364	0.902	0.435	-0.361
C	0.490	-0.064	-0.460	-0.191
C	0.173	0.420	-0.207	-0.194
A	0.381	0.584	-0.073	-0.700
G	0.405	0.476	-0.227	-0.581
G	0.344	0.397	-0.278	-0.467
A	0.386	0.137	-0.338	-0.609
G	0.458	0.530	-0.155	-0.585
C	0.452	0.260	-0.350	-0.550
C	0.407	0.380	-0.291	-0.573
A	0.359	-0.085	0.582	-0.870
G	0.498	0.537	-0.135	-0.590
G	0.357	0.077	-0.547	-0.494
A	0.543	0.073	-0.151	-0.431
A	0.544	0.135	-0.049	-0.419
U	-1.084	-1.551	-1.615	-0.201
G	-0.175	0.054	-0.457	0.238
A	0.555	-0.777	1.242	-0.679
G	0.204	0.038	-0.561	-0.322
U	-1.232	0.489	0.803	-0.918
C	0.445	0.326	-0.262	-0.469
C	0.299	-0.238	-0.810	-0.421
C	0.246	-0.445	-0.940	-0.330
A	1.762	-0.980	1.247	0.879
G	0.098	0.530	-0.065	-0.044
U	-0.850	-0.296	0.962	-0.302
C	0.022	-0.437	0.368	1.311
U	-2.551	0.731	0.533	2.102
C	1.292	-0.411	0.819	0.693
U	-1.582	0.721	0.233	1.289
C	1.979	-0.105	1.278	2.776
C	0.379	0.352	0.130	0.417
C	0.037	-0.213	0.388	1.441
A	1.242	-1.430	1.988	0.111
G	0.260	0.373	-0.225	-0.243
U	-1.436	-0.838	1.281	0.163
U	-2.742	0.655	0.933	2.327
C	1.053	0.024	0.630	0.369
U	-1.669	0.071	0.564	0.080
C	0.787	0.218	0.160	-0.183
A	1.036	-0.833	1.187	0.241
C	1.080	0.040	0.661	0.698
U	-1.498	-0.036	1.026	-0.362
G	-0.131	0.504	0.233	0.771
U	-1.775	0.944	0.557	-1.000
G	-0.280	0.105	-0.386	0.332
U	-1.140	0.780	0.513	-0.750
G	-0.048	0.331	-0.071	0.036
G	0.529	0.442	0.128	-0.098
U	-0.549	-0.639	1.331	-1.073
U	-1.603	0.279	0.074	0.700
U	-2.516	1.073	0.754	-0.940
U	-2.040	1.006	0.728	-0.979
G	0.256	0.525	-0.097	-0.217
C	0.526	0.266	-0.091	-0.340
C	0.372	-0.493	-0.876	-0.145
A	0.481	0.152	-0.050	-0.476
U	-0.465	0.671	0.162	-0.297
U	-2.488	0.354	0.117	0.112
C	1.559	-0.087	0.320	0.697
G	1.256	0.258	0.620	0.285
U	-0.753	0.765	0.223	0.355
C	1.030	-0.183	0.069	0.729
U	-0.600	0.319	0.193	-0.458
U	-0.654	0.354	0.056	-0.512
G	0.024	0.537	0.046	0.353
C	1.347	0.096	1.145	1.437
U	-1.121	0.587	0.301	-0.730
G	-0.191	0.180	-0.291	0.424
C	4.438	-0.864	3.549	3.835
U	-0.410	0.294	-0.158	-0.685
G	0.499	0.410	-0.141	-0.422
A	0.415	0.003	0.068	-0.654
A	0.884	0.309	0.500	-0.168
C	3.381	-0.120	1.869	2.515
C	4.596	-0.397	2.615	3.764
A	0.652	0.089	0.033	-0.238
C	0.438	0.374	0.095	-0.433
G	-2.179	0.963	0.453	3.428
G	0.347	0.325	-0.326	-0.470
G	0.393	0.322	-0.286	-0.510
U	-1.020	-0.205	0.988	-0.995
U	-1.404	0.052	0.515	-0.148
U	-2.092	0.964	0.724	0.281
C	0.943	0.407	0.403	0.500
U	-3.563	1.094	0.704	4.199
C	0.443	0.121	-0.209	0.200
C	0.142	-0.228	-0.661	0.079
U	-1.747	0.574	0.387	0.577
C	1.980	-0.557	1.770	1.008
U	-1.128	-2.146	-1.777	-0.285
G	0.080	0.235	-0.315	0.021
A	0.448	0.354	0.049	-0.682
A	0.527	0.073	-0.408	-0.399
A	0.694	0.142	-0.027	-0.242
C	0.643	0.453	-0.035	-0.369
A	0.644	0.415	-0.071	-0.419
U	-1.103	0.821	0.322	0.201
C	1.479	0.210	0.706	0.983
U	-3.471	0.726	1.008	2.791
G	-2.681	0.970	1.165	5.503
G	-1.503	0.631	0.118	2.438
G	0.125	0.302	-0.255	0.032
A	0.359	0.170	-0.251	-0.561
U	-1.296	0.620	0.661	-0.707
U	-1.320	0.474	0.383	-0.218
U	-1.604	0.599	0.414	-0.705
A	-0.534	0.111	-0.050	-0.625
U	-1.657	1.043	0.531	-1.033
A	0.471	-0.066	-0.513	-0.375
A	0.452	0.143	-0.116	-0.588
C	0.545	-0.296	-0.613	-0.213
A	0.458	0.030	-0.120	-0.568
G	0.422	0.480	-0.221	-0.602
G	0.200	-0.510	-1.022	-0.266
G	0.225	0.607	0.106	-0.208
C	0.424	-0.075	-0.248	0.326
U	-1.561	0.379	0.411	0.171
U	-3.007	0.577	1.335	-0.418
A	-0.260	-1.816	2.614	-1.329
G	0.021	0.524	0.121	-0.104
G	0.167	0.198	-0.379	-0.317
A	0.118	-1.068	0.996	-0.970
A	0.272	-0.450	-0.547	-0.250
A	0.298	-0.763	0.016	-0.619
G	0.279	-0.325	-0.865	-0.423
U	-1.538	0.769	0.363	-0.960
G	0.325	-0.244	-0.796	-0.406
A	0.634	0.153	0.156	-0.456
C	0.455	0.017	-0.461	-0.392
A	0.316	-0.414	0.197	-0.739
G	0.089	-1.247	-1.636	-0.127
C	0.808	0.241	-0.054	-0.176
G	0.342	0.458	-0.212	-0.425
U	-2.379	0.235	1.007	-0.069
C	2.924	-0.312	1.778	2.316
U	-1.375	0.091	0.209	0.368
G	-0.859	0.310	-0.205	1.419
A	0.156	-0.873	1.168	-1.068
G	0.302	-0.009	-0.565	-0.290
C	0.711	0.239	0.110	-0.212
G	0.251	0.491	-0.103	-0.211
U	-0.337	-0.111	0.064	-0.371
U	-2.465	0.626	0.632	-0.830
C	0.909	0.379	0.230	-0.104
A	1.286	-0.448	0.725	0.607
C	1.598	0.023	0.774	0.677
U	-1.397	0.175	0.788	-0.841
G	-0.131	0.417	0.040	0.399
U	-0.527	0.744	0.166	-0.665
G	-0.090	0.354	-0.044	0.676
G	0.351	0.553	-0.082	-0.494
C	0.468	0.445	-0.220	-0.602
C	0.357	0.147	-0.427	-0.468
U	-2.134	0.487	0.213	-0.908
G	0.272	0.413	-0.236	-0.366
U	-2.062	0.922	0.606	-0.650
C	0.322	0.366	-0.137	-0.271
C	0.768	0.124	-0.181	-0.147
A	0.820	-0.273	-0.106	0.074
U	-0.889	0.781	0.222	-0.593
U	-1.311	0.197	-0.168	-0.419
G	-0.276	-0.603	-0.899	0.850
C	1.649	0.154	0.791	1.093
U	-2.114	1.067	0.588	-1.043
A	0.336	-0.084	0.166	-0.771
G	0.421	0.283	-0.359	-0.534
C	0.380	-0.288	-0.685	-0.417
C	0.450	0.563	-0.059	-0.464
C	0.905	0.437	0.172	-0.036
U	-0.279	0.635	0.037	-0.687
A	0.501	0.249	-0.077	-0.348
A	4.143	-1.138	2.463	3.934
C	2.304	0.130	1.178	1.457
A	1.708	-0.342	1.356	0.635
U	-0.662	-0.167	1.163	-0.899
A	0.492	0.270	0.078	-0.609
G	0.444	0.469	-0.149	-0.474
G	-0.058	-2.341	-2.522	0.100
A	1.114	-1.291	-0.375	0.604
C	2.042	-0.123	1.028	1.279
C	1.876	-0.016	1.369	1.525
G	-0.072	0.456	0.246	1.363
C	2.578	-0.446	2.296	4.363
U	-2.239	0.097	0.875	1.080
G	-1.503	0.793	0.373	2.458
U	-1.673	0.727	0.329	-0.826
G	0.161	0.364	-0.294	-0.236
U	-1.835	0.968	0.491	-1.067
G	0.261	-0.449	-0.979	-0.376
C	0.703	0.441	-0.026	-0.364
C	0.397	0.228	-0.422	-0.543
A	0.430	0.393	-0.206	-0.646
G	0.402	0.360	-0.324	-0.580
G	0.372	0.106	-0.533	-0.540
G	0.221	0.483	-0.167	-0.613
C	0.418	0.064	-0.380	-0.253
U	-1.901	0.359	0.350	-0.788
G	0.261	0.382	-0.184	-0.166
U	-0.269	0.447	0.166	-0.657
C	0.535	0.266	-0.162	-0.261
C	0.319	-0.196	0.657	-0.295
U	-1.959	0.745	0.518	1.689
C	0.175	0.046	0.571	2.774
C	0.772	-1.553	-1.220	0.546
A	0.596	-0.504	-0.176	-0.206
U	-1.926	0.155	-0.157	-0.858
G	0.318	0.386	-0.078	-0.067
C	2.566	0.092	1.347	1.683
U	-2.123	0.611	0.402	-0.847
C	1.282	-0.163	0.100	0.446
A	1.722	-0.278	1.595	0.999
A	1.647	-0.152	1.353	0.682
U	-0.302	0.572	0.025	0.312
A	0.803	-0.001	0.881	0.428
C	2.662	0.065	1.343	1.665
A	0.776	-1.013	0.634	0.223
C	0.639	0.471	0.033	-0.440
G	0.057	0.665	0.208	0.110
U	-0.947	-0.095	1.148	-0.766
U	-2.602	0.691	1.174	-1.008
A	-0.145	-2.954	3.282	-1.571
G	0.364	0.276	-0.206	-0.263
C	0.841	-0.356	0.443	-0.059
U	-2.668	0.745	0.912	-0.487
U	-2.626	0.794	1.091	-1.249
G	-0.017	0.576	0.013	-0.050
U	-1.162	-0.113	1.135	-1.083
C	1.163	0.379	0.451	0.063
A	2.220	-0.562	1.543	1.318
C	2.398	0.254	1.297	1.384
C	0.566	0.325	-0.157	-0.339
A	0.631	0.317	0.045	-0.423
A	0.818	0.003	-0.146	-0.107
A	1.091	0.205	0.536	0.030
C	0.850	0.466	0.159	-0.242
A	0.652	-0.068	0.065	-0.321
U	0.127	0.462	-0.189	-0.485
A	1.641	0.082	1.179	1.121
C	1.942	0.264	0.912	0.918
C	0.342	0.184	0.135	-0.292
C	1.603	0.016	0.617	0.625
G	0.118	0.549	-0.098	-0.134
U	-1.317	0.947	0.400	-0.984
G	0.282	0.195	-0.429	-0.377
C	1.323	0.352	0.597	0.524
C	1.117	0.340	0.341	0.148
G	0.112	0.504	-0.071	0.149
C	1.643	0.246	0.914	1.114
U	-1.114	0.540	0.280	-0.822
G	0.368	0.234	-0.246	-0.203
C	1.821	-0.004	1.114	0.997
U	-0.723	-0.242	1.196	-0.624
U	-1.436	0.728	0.339	0.130
U	-1.829	0.824	0.348	1.205
C	0.844	0.373	0.121	0.046
C	0.374	0.097	-0.538	-0.535
C	0.545	0.451	-0.037	-0.272
A	1.605	-1.076	1.922	0.492
G	0.330	0.460	-0.220	-0.479
U	-1.846	0.454	0.762	-0.256
C	1.253	-0.272	1.012	1.290
U	-1.277	0.518	0.497	-0.723
G	0.288	0.340	-0.275	-0.278
A	0.540	-0.041	0.693	-0.662
U	-1.682	-0.143	-0.466	-0.749
G	-0.374	0.654	0.001	0.449
A	0.474	0.422	0.074	-0.686
G	0.473	0.448	-0.212	-0.582
C	0.493	0.393	-0.219	-0.542
A	0.414	0.082	-0.479	-0.508
A	0.453	-0.031	-0.466	-0.452
A	0.449	0.341	0.132	-0.716
G	0.478	0.595	-0.113	-0.638
G	0.403	0.482	-0.221	-0.578
A	0.344	-0.134	-0.690	-0.503
A	0.999	0.166	0.017	0.017
C	0.475	0.371	-0.258	-0.517
U	-1.117	0.286	0.677	-0.687
U	-1.387	0.668	0.400	-0.874
G	0.296	0.406	-0.252	-0.383
A	0.462	0.155	0.152	-0.634
U	-1.131	-0.132	-0.105	-0.693
G	0.218	0.531	-0.096	-0.189
C	1.611	-0.230	1.020	1.511
U	-1.897	0.762	0.619	-0.178
C	-0.036	0.414	0.067	0.343
A	0.412	0.351	-0.061	-0.667
G	0.318	0.561	-0.137	-0.651
A	0.428	0.322	-0.321	-0.607
G	0.439	0.448	-0.250	-0.635
A	0.398	0.173	-0.453	-0.568
G	0.401	0.382	-0.290	-0.539
G	0.412	0.191	-0.434	-0.536
A	1.018	0.007	0.201	0.045
C	0.566	0.554	0.016	-0.501
A	-0.054	0.170	0.061	-0.682
A	0.154	-1.210	1.032	-0.941
G	0.360	0.542	-0.146	-0.505
U	-1.287	-0.065	0.386	0.635
C	0.352	0.015	-0.355	0.014
A	0.920	0.278	0.521	0.034
U	-0.694	0.687	0.291	-0.501
U	-1.685	-0.343	-0.543	-0.466
U	-1.735	0.707	0.866	-1.049
G	0.428	0.565	0.062	-0.320
C	1.277	-0.237	1.134	0.140
C	0.393	0.001	-0.485	-0.361
C	0.501	-0.097	-0.363	-0.304
A	0.162	-1.469	1.282	-0.659
A	0.170	-0.940	0.348	-0.805
G	0.466	0.466	-0.194	-0.566
G	0.382	0.293	-0.356	-0.555
U	-1.396	0.443	0.536	-0.781
C	0.603	0.503	0.040	-0.479
A	0.954	0.225	0.233	-0.072
C	1.331	0.087	0.298	0.362
A	1.203	-0.138	0.738	0.187
C	0.534	0.357	0.081	-0.507
A	0.487	-0.028	0.366	-0.632
G	0.342	0.463	-0.205	-0.420
C	0.676	-0.548	0.008	-0.138
U	-1.317	0.385	-0.052	-0.589
G	-1.019	0.313	-0.176	1.740
G	0.430	0.577	-0.092	-0.524
C	0.532	0.006	-0.384	-0.221
A	0.985	0.141	0.041	-0.005
A	1.136	-0.327	0.957	-0.005
C	3.300	-0.104	2.163	3.371
U	-0.834	-0.046	0.394	-0.798
G	0.293	0.327	-0.080	0.182
G	0.134	0.633	0.008	0.030
C	-0.526	0.367	-0.025	1.273
A	0.453	0.414	-0.107	-0.658
G	0.442	0.537	-0.176	-0.631
A	0.269	-0.527	-1.018	-0.414
G	0.457	0.610	-0.079	-0.554
C	0.433	0.152	-0.416	-0.512
C	0.368	0.330	-0.300	-0.517
A	0.443	0.302	0.057	-0.690
G	0.418	0.248	-0.384	-0.514
G	0.251	-0.536	-1.047	-0.331
A	0.380	-0.107	-0.494	-0.459
U	-1.987	0.878	0.457	0.760
U	-2.275	1.108	0.662	-0.808
C	0.813	0.535	0.144	-0.278
A	0.476	-0.169	-0.492	-0.351
C	0.723	0.559	0.065	-0.405
G	0.202	-0.731	-1.167	-0.230
C	1.000	0.264	0.194	-0.029
C	0.297	-0.515	-1.019	-0.365
C	0.358	-0.185	-0.733	-0.407
U	-1.699	0.557	0.242	-0.736
G	0.084	0.532	-0.120	-0.021
G	0.653	0.539	0.116	-0.212
C	0.472	0.167	-0.363	-0.366
A	1.106	-0.008	0.557	0.146
A	0.303	-0.688	0.891	-0.830
U	-1.634	0.619	0.729	-0.289
U	-1.916	0.148	0.996	-1.035
U	-1.182	0.618	0.271	-0.874
G	0.357	0.395	-0.275	-0.499
A	0.581	0.320	-0.156	-0.465
C	0.478	0.307	-0.190	-0.270
U	-0.863	0.520	-0.035	-0.227
C	0.383	0.128	-0.466	-0.418
C	0.422	0.577	-0.090	-0.543
A	0.356	0.119	0.216	-0.792
G	0.429	0.443	-0.256	-0.618
A	0.086	-1.525	-1.271	-0.354
A	0.453	0.326	-0.289	-0.565
U	-1.292	0.705	0.264	0.807
C	0.039	0.328	0.042	0.764
C	1.601	0.302	0.689	0.771
U	-1.130	0.832	0.333	-0.491
A	1.104	0.341	0.278	0.095
A	5.907	-0.513	3.607	4.987
C	1.000	0.229	0.246	0.462
C	0.805	0.305	0.205	0.427
U	-0.135	0.495	-0.152	-0.216
U	-1.075	0.867	0.360	-0.661
A	0.433	0.384	-0.155	-0.510
A	0.832	-0.041	-0.207	-0.066
C	1.990	0.203	1.018	1.262
C	0.291	0.480	-0.102	-0.184
C	0.267	0.238	0.339	-0.467
A	0.418	0.293	0.012	-0.710
G	0.425	0.392	-0.298	-0.617
A	0.242	-0.703	-1.029	-0.406
A	0.424	0.300	-0.052	-0.678
G	0.479	0.479	-0.191	-0.585
C	0.918	0.182	0.143	-0.076
A	0.787	-0.048	-0.186	-0.124
C	0.779	0.100	0.028	0.046
G	-0.459	0.419	0.400	2.336
G	0.201	0.349	-0.041	0.137
C	0.490	-0.081	0.065	0.067
U	-1.376	0.641	0.172	0.226
U	-2.913	0.865	0.531	0.510
C	0.845	0.476	0.277	-0.070
A	0.716	0.219	0.265	-0.365
A	0.483	-0.277	0.619	-0.677
G	0.424	0.548	-0.150	-0.571
C	0.483	-0.555	0.102	-0.450
C	0.233	0.084	-0.193	0.513
C	0.664	0.349	-0.103	-0.310
C	0.575	-0.100	-0.311	-0.003
U	-1.218	-0.358	1.060	0.749
G	0.043	0.295	-0.307	0.074
G	0.306	0.396	-0.281	-0.423
A	0.401	0.227	-0.395	-0.593
A	0.393	0.074	-0.509	-0.541
A	0.520	0.478	-0.130	-0.585
C	0.405	0.109	-0.442	-0.367
C	0.946	0.510	0.240	-0.097
A	1.090	0.189	0.418	0.046
C	0.659	0.391	0.129	-0.214
A	0.477	-1.208	1.465	-0.667
A	0.853	-0.905	1.024	-0.063
U	0.012	0.198	-0.300	-0.437
A	1.271	0.127	0.676	0.260
C	0.750	-0.082	0.011	-0.108
C	1.203	0.201	0.563	0.820
U	-1.248	0.162	0.365	0.326
G	-1.171	0.653	0.441	2.432
U	-1.901	0.581	0.742	1.191
G	-1.262	0.607	0.367	2.661
G	0.146	0.413	-0.171	-0.077
C	0.678	0.265	0.147	0.463
A	0.667	-0.483	0.598	-0.421
G	0.452	0.481	-0.118	-0.362
C	0.590	-0.214	-0.199	-0.118
C	0.372	0.159	-0.035	-0.183
A	0.503	0.024	0.490	-0.645
G	0.497	0.368	-0.064	-0.076
G	0.149	-0.531	-0.998	-0.109
G	0.231	-0.673	-0.805	0.607
G	0.235	-0.074	-0.633	-0.251
G	0.149	0.488	-0.127	-0.179
A	0.384	-0.071	-0.274	-0.540
G	0.260	0.249	-0.388	-0.354
G	0.372	0.187	-0.437	-0.499
U	-1.760	0.120	-0.077	-0.704
G	-2.789e-004	-0.047	-0.618	-0.022
C	1.057	-0.771	-0.355	0.495
U	-2.237	-3.000	1.195	-0.590
G	-0.934	-3.259	-3.217	1.417
G	0.219	-0.479	-1.007	-0.324
A	0.042	-1.676	-0.506	-0.597
A	0.484	-0.190	-0.532	-0.340
U	-0.943	0.291	0.178	0.564
C	1.240	0.184	0.512	1.015
U	-1.087	0.666	0.219	-0.256
C	1.312	-0.080	0.356	0.851
A	0.372	0.095	0.102	-0.367
U	-1.010	0.191	-0.210	0.777
U	-1.785	0.794	0.434	1.106
U	-2.749	1.055	0.806	2.079
C	0.344	0.573	0.220	0.247
A	0.781	-0.470	1.038	-0.079
C	1.177	0.026	0.223	0.362
A	0.371	-0.333	0.593	-0.406
U	-0.626	0.199	0.678	-0.660
G	-0.387	0.377	-0.077	0.407
U	-0.904	0.312	0.673	-0.466
G	-2.014	0.636	0.359	2.974
G	-0.162	0.490	0.163	0.842
G	-0.574	0.268	-0.170	1.135
G	-0.221	0.279	-0.149	0.411
A	0.274	-0.493	0.817	-0.935
G	0.237	0.715	0.068	-0.192
G	-0.283	0.392	-0.207	0.541
G	-0.346	0.199	-0.343	0.653
G	0.322	0.380	-0.253	-0.423
G	0.242	0.620	0.009	-0.415
C	0.343	-0.818	-0.394	-0.267
U	-0.465	0.039	0.392	-0.312
C	0.696	-0.476	-0.509	0.299
C	0.415	0.082	-0.504	-0.488
C	0.348	-0.555	-0.859	-0.122
C	0.699	-0.065	0.380	0.324
U	-0.989	-1.417	-0.447	-0.213
G	-0.124	-1.152	-1.482	0.222
U	-1.083	0.197	-0.219	-0.689
G	0.086	-0.829	-1.188	0.019
C	1.403	-0.961	-0.161	1.188
U	-1.678	0.317	-0.015	-0.699
C	1.335	-0.107	0.465	0.539
A	1.441	-1.812	2.286	0.413
A	0.511	-0.947	0.944	-0.566
G	0.634	0.462	-0.011	-0.270
G	0.416	0.351	-0.207	-0.305
U	-1.106	0.419	0.584	-0.878
C	1.229	0.276	0.441	0.152
A	2.792	-0.160	1.302	1.883
C	1.154	0.454	0.391	0.066
A	1.360	0.206	0.625	0.523
A	5.181	-0.367	3.224	4.310
C	6.886	-0.732	4.255	5.989
C	1.020	0.012	0.034	0.266
A	0.444	0.188	-0.038	-0.370
A	0.385	-0.882	-0.945	-0.168
A	0.369	-0.322	-0.596	-0.461
G	0.470	0.491	-0.189	-0.598
A	0.463	0.352	-0.249	-0.585
G	0.433	0.493	-0.181	-0.532
G	0.404	0.284	-0.384	-0.585
A	0.552	0.249	-0.084	-0.488
A	0.324	-0.248	0.243	-0.718
G	0.491	0.045	-0.461	-0.368
C	0.823	0.097	0.413	-0.218
U	-1.531	-0.203	0.400	-0.605
G	-0.539	0.344	-0.056	0.933
U	-1.876	0.596	0.361	-0.911
G	0.254	0.332	-0.307	-0.388
A	0.450	0.394	0.071	-0.664
U	-2.414	0.927	0.664	-0.837
U	-2.503	0.414	0.168	0.866
A	-0.114	0.310	-0.111	-0.588
A	0.274	0.313	-0.054	-0.672
A	0.420	0.075	-0.244	-0.550
A	0.677	0.114	0.541	-0.301
C	1.338	0.179	0.581	0.566
C	0.410	-0.034	-0.536	-0.333
C	0.394	0.329	-0.337	-0.564
A	0.383	0.114	-0.220	-0.640
G	0.405	0.294	-0.379	-0.586
G	0.375	0.046	-0.573	-0.518
U	-1.083	0.475	0.322	-0.711
C	0.485	0.504	-0.154	-0.577
C	0.397	0.023	-0.558	-0.451
C	0.666	0.286	-0.121	-0.219
A	0.666	0.364	0.053	-0.315
U	-1.405	0.919	0.402	-0.450
U	-2.075	0.444	0.125	-0.862
U	-0.990	0.282	0.564	-0.953
G	0.374	0.256	-0.352	-0.405
C	0.522	0.015	-0.423	-0.389
A	0.376	-0.406	-0.644	-0.398
A	0.489	0.111	-0.037	-0.537
A	0.501	-0.091	0.109	-0.545
G	0.496	0.430	-0.169	-0.479
C	0.501	0.045	-0.355	-0.394
C	0.874	-0.136	0.298	1.287
U	-0.965	-0.141	-0.340	-0.285
C	2.248	-0.691	0.893	1.684
G	0.468	0.477	-0.137	-0.469
A	0.531	0.122	-0.190	-0.466
C	0.803	0.292	0.278	-0.142
U	-0.927	0.734	0.312	-0.249
U	-0.539	0.390	0.122	-0.483
U	-1.537	-0.383	-0.252	0.134
U	-1.826	0.453	0.650	-0.661
A	0.151	-0.809	1.291	-0.455
G	0.060	0.295	-0.192	-0.085
C	1.244	-0.173	0.965	1.155
A	0.225	-1.080	1.205	-0.976
G	0.314	0.288	-0.208	-0.140
G	0.296	0.281	-0.337	-0.380
U	-1.812	0.386	0.696	-1.097
G	0.224	0.360	-0.275	-0.308
C	1.183	0.168	0.186	0.205
A	0.236	-1.119	0.939	-0.822
U	-0.965	0.674	0.358	-0.157
C	0.392	-0.471	-0.802	-0.127
A	0.507	-0.191	0.061	-0.433
U	-0.370	0.610	0.083	-0.561
A	-0.204	-1.133	-0.482	-0.524
C	1.547	-0.118	0.450	0.811
U	-1.032	0.366	0.403	-0.814
G	-0.268	0.381	-0.070	0.431
U	-1.213	0.064	0.482	-0.015
U	-1.145	0.137	0.057	-0.458
C	0.420	0.259	-0.116	-0.574
C	0.316	-0.611	-0.945	-0.297
C	1.355	0.352	0.542	0.488
A	2.673	-0.121	1.530	1.805
C	1.280	0.200	0.516	0.892
C	0.751	0.478	0.277	0.168
C	0.560	-0.484	-0.656	0.089
C	0.739	0.511	0.157	-0.145
U	-0.274	0.460	-0.156	-0.205
C	0.475	0.476	0.005	-0.088
C	0.361	-0.315	-0.750	-0.163
C	1.125	0.079	0.166	0.372
A	1.164	0.237	0.422	0.279
U	-1.753	0.227	-0.118	1.031
C	0.364	0.360	-0.025	0.101
C	0.473	0.032	-0.428	-0.265
C	0.808	-0.091	-0.182	0.182
A	1.942	-0.156	0.845	1.203
C	0.703	0.301	-0.111	-0.330
U	-0.934	0.805	0.282	-0.666
U	-2.213	0.242	0.003	-0.233
C	1.331	0.272	0.522	0.365
U	-2.194	0.746	0.880	-0.818
G	0.178	0.010	-0.579	-0.273
U	-1.533	-0.308	-0.391	-0.675
C	0.418	0.366	-0.210	-0.383
C	0.414	0.320	-0.339	-0.546
A	0.781	-0.222	0.082	-0.173
G	-0.137	0.467	-0.128	0.394
C	-0.172	-0.458	0.121	0.650
C	2.736	-0.169	1.424	2.064
G	0.445	0.215	-0.271	-0.177
C	2.389	-0.236	0.973	1.528
C	1.737	-0.050	0.627	1.179
U	-1.805	0.654	0.269	-0.401
A	0.270	-0.936	0.281	-0.653
G	0.479	0.528	-0.084	-0.453
C	0.473	-0.261	-0.203	-0.268
C	0.549	-0.139	-0.305	0.237
C	0.757	0.047	-0.107	0.061
C	0.469	-1.342	-1.409	0.178
A	1.066	-0.010	0.105	0.277
C	0.538	0.415	-0.173	-0.491
U	-0.372	0.709	0.069	-0.468
U	-0.972	-0.736	-1.086	-0.184
U	-1.421	1.003	0.428	0.297
C	0.591	0.585	-0.020	-0.501
U	-0.403	0.841	0.175	-0.455
U	-0.499	0.637	0.016	-0.517
U	-1.005	0.838	0.249	-0.765
U	-0.994	0.980	0.363	-0.552
U	-1.149	0.989	0.414	-0.482
U	-1.978	1.187	0.697	-0.984
U	-1.920	-0.338	-0.593	0.200
U	-1.605	1.043	0.497	0.521
C	0.643	0.603	0.037	-0.453
U	-1.337	1.027	0.473	-0.192
U	-1.355	0.966	0.421	-0.551
U	-2.016	1.128	0.707	-0.721
U	-1.814	1.114	0.688	-0.585
U	-1.865	0.974	0.766	0.072
U	-2.174	0.720	0.878	0.094
U	-2.017	-0.134	1.268	1.187
G	-1.129	0.560	0.093	1.792
A	0.040	-1.487	1.810	-1.278
G	0.314	0.631	-0.013	-0.601
A	0.371	0.107	0.227	-0.561
C	0.296	0.176	-0.135	0.073
A	0.069	-1.891	2.069	-1.182
G	-0.308	0.619	0.020	0.647
U	-0.776	-1.675	2.302	-0.991
C	0.607	-0.751	1.108	0.408
U	-1.784	0.614	0.313	1.967
C	0.506	0.331	1.002	2.491
C	0.418	0.268	0.075	0.415
C	0.781	0.189	0.394	1.091
U	-1.397	0.458	0.034	1.431
C	0.512	0.272	0.296	0.764
U	-1.377	0.589	0.437	1.002
U	-1.538	0.437	0.585	0.717
G	-0.482	0.196	-0.260	1.022
C	1.634	-0.193	1.301	1.798
U	-1.344	0.634	0.359	1.383
G	-1.076	0.583	0.071	1.880
A	0.463	0.426	-0.025	-0.672
G	0.360	0.641	-0.059	-0.457
G	0.310	0.305	-0.309	-0.439
C	0.545	0.333	-0.128	-0.342
U	-1.998	0.077	1.196	0.536
G	-0.948	0.072	-0.354	1.694
G	-0.169	0.584	0.129	0.641
A	0.404	-1.065	1.652	-0.853
G	0.401	0.495	-0.179	-0.511
U	-0.988	0.556	0.263	-0.647
G	0.199	0.021	-0.559	-0.370
C	0.458	0.104	-0.375	-0.452
A	0.117	-5.146	5.388	-1.403
G	0.239	-0.275	-0.819	-0.375
U	-1.368	0.866	0.464	-0.954
G	-0.629	-0.067	-0.542	1.112
G	0.326	-0.398	-0.873	-0.301
C	0.818	-0.086	0.049	-0.027
G	-0.381	0.212	-0.282	0.856
A	0.271	-0.692	0.251	-0.754
G	0.425	0.423	-0.264	-0.619
A	0.454	0.213	-0.334	-0.548
U	-0.744	0.552	0.017	0.221
C	0.568	-0.208	-0.488	-0.039
U	-2.690	1.067	0.668	-0.840
C	0.664	-0.321	-0.426	0.197
G	0.121	0.226	-0.105	0.653
G	0.327	0.440	-0.222	-0.551
C	0.217	-0.775	-1.162	-0.190
U	-1.444	0.777	0.295	-0.536
C	0.761	-0.077	-0.279	-0.105
A	2.731	-0.669	1.634	2.286
C	2.152	-0.131	0.995	1.314
U	-1.300	0.390	0.322	-0.853
G	0.264	0.417	-0.216	-0.342
U	-0.554	0.490	0.097	-0.732
A	0.396	0.259	-0.272	-0.577
A	2.178	-0.174	0.999	1.265
C	0.616	0.063	-0.219	0.004
C	0.236	0.195	0.265	1.034
U	-1.022	0.702	0.405	-0.106
C	0.347	0.450	0.025	0.087
C	0.400	-0.093	-0.485	-0.304
G	0.261	0.302	-0.162	0.119
C	1.232	0.212	0.260	0.273
C	0.264	0.284	0.063	-0.249
U	-0.763	0.625	0.202	-0.474
C	0.517	0.526	-0.077	-0.577
C	0.318	-0.133	-0.647	-0.344
C	0.109	0.107	0.157	-0.120
G	-1.627	0.617	0.193	2.458
G	0.244	0.301	-0.331	-0.292
G	0.417	0.260	-0.298	-0.440
U	-1.310	-0.515	1.060	-0.589
U	-3.053	0.861	0.726	-0.777
C	0.608	0.355	0.147	-0.382
A	0.477	0.235	0.374	-0.376
A	0.152	-1.247	1.087	-1.021
G	0.390	0.225	-0.411	-0.532
C	1.521	0.046	0.516	0.537
G	0.386	0.061	-0.541	-0.478
A	0.404	-0.025	-0.031	-0.619
U	-1.538	-0.372	-0.540	0.145
U	-2.055	0.563	0.424	0.915
C	0.183	0.107	-0.192	0.382
U	-1.841	0.874	0.452	0.734
C	0.480	-0.234	-0.600	-0.291
C	0.570	0.201	0.087	-0.442
U	-0.547	-0.060	0.463	-0.829
G	0.553	0.281	-0.009	0.019
C	1.502	-0.039	0.581	0.543
C	0.437	-0.093	-0.212	-0.280
U	-1.788	0.774	0.344	-0.679
C	0.419	0.119	-0.458	-0.475
A	0.274	-1.033	0.578	-0.685
G	0.433	0.444	-0.224	-0.563
C	0.329	-0.438	0.209	-0.693
C	0.289	0.441	0.080	-0.215
U	-0.427	0.554	0.090	-0.272
C	0.743	0.410	0.081	-0.174
C	0.510	0.283	-0.180	-0.434
C	0.397	0.165	0.137	0.201
A	0.633	-0.338	0.859	-0.354
A	0.636	-1.199	1.351	-0.495
G	0.318	0.542	-0.139	-0.535
U	-1.955	0.745	0.451	-0.861
A	0.291	-1.018	0.050	-0.599
G	0.132	0.544	0.013	0.246
C	0.565	0.152	0.427	0.664
U	-2.288	0.416	0.853	-0.674
A	-0.197	-2.643	2.901	-1.631
G	0.385	0.482	-0.047	-0.102
G	0.294	0.218	-0.408	-0.366
A	0.322	-0.335	-0.170	-0.642
U	-1.540	0.237	0.516	0.065
U	-1.037	0.627	0.300	-0.349
A	0.409	0.113	-0.213	-0.574
C	0.461	0.204	-0.363	-0.513
A	0.296	-0.317	-0.313	-0.631
G	0.396	0.437	-0.245	-0.538
G	0.384	0.116	-0.511	-0.515
C	0.676	0.181	-0.235	-0.279
G	0.066	-1.555	-1.867	-0.039
C	0.520	0.359	-0.176	-0.475
C	0.418	0.369	-0.184	-0.522
C	0.398	-0.404	-0.748	-0.278
G	0.675	0.193	-0.080	0.073
C	0.579	0.165	-0.154	-0.124
C	0.861	0.111	-0.016	-0.063
A	1.207	-0.128	0.222	0.264
C	1.091	0.481	0.317	0.021
C	0.712	0.211	-0.134	-0.220
A	0.416	-0.100	-0.503	-0.462
C	0.682	0.375	-0.088	-0.350
G	0.461	0.369	-0.271	-0.544
C	0.524	0.095	-0.386	-0.380
C	0.358	0.203	-0.307	-0.510
U	-2.568	0.696	0.749	-0.632
G	-0.394	0.515	-0.076	0.710
G	0.352	0.487	-0.162	-0.426
C	0.542	0.163	-0.268	-0.311
U	-1.465	0.800	0.323	-0.856
A	0.696	0.540	0.153	-0.352
A	1.735	0.114	0.683	0.772
C	0.978	0.426	0.185	-0.070
U	-0.480	0.730	0.118	-0.132
U	-1.873	0.583	0.259	-0.367
U	-1.974	0.711	0.800	-0.520
U	-3.331	0.104	1.839	-1.313
G	-0.057	0.207	-0.339	-0.173
U	-1.498	0.418	0.298	-0.536
A	0.242	0.196	0.078	-0.615
U	-1.111	0.659	0.381	-0.009
U	-2.144	0.821	0.682	-0.056
U	-2.402	0.913	0.882	0.408
U	-2.290	0.301	0.708	-0.498
U	-2.515	0.424	1.138	-1.004
A	-0.071	-4.145	4.951	-1.317
G	0.301	0.426	-0.207	-0.478
U	-2.262	0.871	0.695	1.646
A	0.147	-0.902	0.773	-0.969
G	0.373	0.545	-0.145	-0.617
A	0.445	0.363	-0.011	-0.678
G	0.532	0.588	-0.046	-0.571
A	0.500	-0.206	-0.536	-0.343
U	-0.713	0.367	-0.021	-0.496
G	-1.168	0.736	0.172	1.760
G	-0.065	0.432	-0.207	0.093
G	0.383	0.419	-0.205	-0.386
G	0.746	0.085	-0.008	0.114
U	-0.624	-0.197	0.666	-0.885
U	-1.206	-0.008	0.202	-0.202
U	-2.204	0.486	0.555	-0.528
C	0.858	0.380	0.071	-0.204
A	3.583	-0.840	2.025	2.946
C	1.028	0.126	0.434	0.361
C	0.850	-0.068	-0.065	0.182
A	0.650	-1.340	-0.529	0.135
U	-1.124	0.255	-0.160	-0.768
G	-0.143	-0.198	-0.653	0.266
U	-1.982	-0.291	1.082	-0.562
U	-1.611	0.260	0.025	-0.744
G	0.020	-0.035	-0.509	0.058
G	0.485	0.445	-0.192	-0.542
C	0.465	0.032	-0.429	-0.385
C	0.320	-0.233	-0.755	-0.465
A	0.396	-0.118	-0.360	-0.530
G	0.382	0.336	-0.328	-0.528
G	0.434	0.429	-0.224	-0.540
C	0.399	0.079	-0.476	-0.479
U	-2.368	0.678	0.346	-0.488
G	-1.415	-0.031	-0.396	2.282
G	0.627	0.293	0.018	0.002
U	-1.951	0.708	0.449	-0.284
C	0.398	-0.122	-0.574	-0.215
U	-2.175	0.657	0.263	-0.840
C	0.797	0.349	0.153	0.097
A	0.368	0.182	-0.371	-0.579
A	0.285	-0.541	-1.017	-0.390
A	0.558	-0.043	-0.410	-0.333
C	0.577	0.373	-0.105	-0.281
U	-1.577	0.779	0.286	-0.840
C	0.299	-0.381	-0.918	-0.439
C	0.427	0.285	-0.340	-0.565
U	-1.697	0.439	0.095	-0.746
G	0.395	0.277	-0.381	-0.561
A	0.703	0.184	-0.011	-0.322
C	0.586	0.322	-0.077	-0.333
C	0.731	0.137	0.183	0.613
U	-0.943	0.142	0.176	0.435
U	-1.009	-0.143	0.847	-0.850
A	-0.150	0.132	0.830	-0.460
A	-0.067	-3.805	4.051	-1.481
G	0.379	0.394	-0.247	-0.540
U	-1.165	0.529	0.107	-0.772
G	0.380	0.399	-0.288	-0.581
A	0.356	-0.128	0.140	-0.699
U	-1.788	0.612	0.428	0.988
U	-3.052	0.611	0.453	-0.648
C	0.604	0.457	0.017	-0.305
G	0.481	0.513	0.014	-0.175
C	0.617	0.258	0.001	-0.441
C	0.323	-0.213	-0.716	-0.455
C	0.811	0.028	-0.165	-0.081
A	2.054	-0.261	0.760	1.294
C	1.980	0.064	0.938	1.084
U	-0.736	0.394	0.225	-0.441
G	-0.295	0.540	0.058	0.615
U	-1.337	0.663	0.331	0.295
G	-1.068	0.616	0.170	2.055
G	0.353	0.563	-0.085	-0.460
C	0.324	0.031	0.016	-0.547
C	0.198	0.237	-0.188	0.107
U	-1.332	0.391	-5.265e-005	1.350
C	0.427	0.284	0.154	0.185
C	0.512	0.378	-0.116	-0.418
C	0.781	-0.355	0.103	0.195
A	1.354	-1.620	2.542	0.184
A	0.415	-0.610	0.057	-0.421
A	0.438	-1.020	0.724	-0.616
G	0.333	0.218	-0.422	-0.507
U	-1.040	0.325	-0.041	-0.667
G	0.104	0.480	-0.171	-0.087
C	0.466	0.320	0.068	-0.116
U	-2.410	0.582	0.646	0.290
G	-2.861	0.750	0.420	4.339
G	-0.198	0.247	-0.263	0.537
G	0.472	0.265	-0.096	0.119
A	0.606	0.017	0.283	-0.498
U	-1.566	0.366	0.376	0.672
U	-1.371	0.603	0.370	4.668e-004
A	0.337	-0.121	-0.394	-0.550
C	0.575	-0.097	-0.469	-0.289
A	0.390	0.154	0.064	-0.728
G	0.408	0.275	-0.385	-0.576
G	0.354	0.105	-0.520	-0.492
C	0.512	0.386	-0.204	-0.526
G	-0.608	-1.551	-1.682	0.874
U	-1.173	0.724	0.284	-0.691
G	-0.105	0.488	-0.116	0.174
A	0.075	-1.531	1.088	-1.054
G	-0.313	-0.095	-0.461	0.971
C	-0.450	0.053	-0.206	1.061
U	-1.371	0.955	0.416	-0.784
A	0.896	-1.351	-0.885	0.583
C	1.864	0.285	0.892	0.881
C	0.877	0.162	0.125	-0.086
G	0.510	0.546	-0.012	-0.338
C	1.863	-0.044	0.847	1.007
C	1.650	0.207	0.841	0.577
C	0.452	-0.107	-0.570	-0.411
C	0.469	0.503	-0.079	-0.628
C	0.426	0.258	-0.212	-0.505
A	0.396	-0.591	0.629	-0.715
G	0.469	0.574	-0.113	-0.610
C	0.425	-0.473	0.062	-0.519
C	0.337	0.412	-0.082	-0.307
C	0.473	-0.177	-0.563	-0.334
C	0.582	0.470	-0.020	-0.329
U	-0.267	0.452	-0.152	0.007
C	0.363	0.421	-0.025	0.051
C	0.220	0.113	-0.391	-0.047
C	0.976	0.080	0.079	0.329
A	0.943	0.151	0.190	0.142
U	-1.704	0.573	0.110	1.077
C	0.308	0.042	-0.303	0.273
C	0.470	-0.159	-0.566	-0.224
C	0.824	-0.038	-0.118	0.230
A	1.916	0.073	0.984	1.112
C	0.692	0.353	-0.081	-0.346
U	-0.959	0.708	0.350	-0.515
U	-2.626	0.419	0.204	-0.035
C	0.936	0.366	0.221	-0.073
U	-2.037	0.501	0.957	-0.872
G	0.229	0.098	-0.516	-0.376
U	-2.316	-1.151	-1.138	-0.564
C	0.399	0.243	-0.396	-0.510
C	0.417	0.320	-0.311	-0.605
A	0.440	0.108	-0.184	-0.559
G	0.429	0.488	-0.208	-0.596
C	0.404	-0.155	-0.509	-0.448
C	0.514	0.343	-0.110	-0.430
C	1.251	0.330	0.369	0.227
C	1.306	0.294	0.399	0.346
C	1.878	0.012	0.765	1.213
U	-0.562	0.486	-0.011	-0.625
A	0.277	-0.615	0.139	-0.703
G	0.463	0.528	-0.149	-0.590
C	0.440	-0.415	-0.610	-0.327
C	0.334	0.315	-0.241	-0.262
C	0.646	-0.634	-0.676	0.355
U	-0.601	0.596	0.053	-0.251
A	0.282	0.440	0.377	-0.331
C	0.622	0.379	0.096	0.098
U	-1.049	0.712	0.275	0.307
U	-2.116	0.235	-0.125	0.633
U	-2.266	0.936	0.484	1.466
C	0.518	0.488	0.014	-0.119
U	-2.092	1.046	0.577	0.686
U	-3.250	0.128	-0.113	2.200
U	-3.762	1.396	1.119	1.033
C	0.420	0.381	0.099	0.037
U	-4.470	0.775	1.575	3.087
G	-4.783	1.063	0.905	7.365
G	-0.425	-0.655	-1.047	0.694
G	0.027	-0.125	-0.574	0.272
A	0.390	0.384	-0.063	-0.583
U	-2.124	0.691	0.303	1.054
C	0.468	0.275	-0.081	0.022
C	0.179	0.197	-0.377	-0.223
A	0.385	0.188	0.198	-0.717
G	0.337	-0.044	-0.615	-0.404
G	0.199	-0.343	-0.865	-0.265
A	0.329	-0.310	-0.325	-0.592
G	0.157	-0.963	-1.405	-0.239
U	-2.573	-0.265	-0.333	-0.117
C	0.254	0.239	-0.023	-0.112
C	0.393	0.389	-0.271	-0.543
A	0.261	-0.468	0.112	-0.766
G	0.034	-1.892	-2.175	-0.069
A	0.335	-0.235	-0.746	-0.477
U	-2.056	0.355	0.002	1.220
C	-0.982	-0.169	-0.358	2.237
C	0.567	0.436	-0.127	-0.426
C	0.385	0.041	-0.533	-0.510
C	0.353	-0.013	-0.572	-0.503
A	0.238	-1.038	-1.191	-0.281
G	0.395	0.396	-0.271	-0.550
C	0.347	-0.497	-0.624	-0.400
C	0.469	0.321	-0.188	-0.434
C	0.740	0.258	-0.066	-0.201
C	0.528	0.292	-0.116	-0.143
C	1.377	-0.308	0.114	0.694
U	-0.500	0.558	-0.002	0.491
C	0.899	0.062	0.041	0.287
U	-0.688	0.753	0.253	-0.283
C	0.375	0.007	-0.266	-0.013
C	0.241	0.217	-0.328	-0.314
A	0.341	-0.072	-0.200	-0.652
G	-0.155	-2.887	-2.995	0.170
A	0.354	0.011	-0.421	-0.590
U	-1.050	0.041	-0.312	-0.413
U	-1.242	0.699	0.507	-0.644
A	0.289	0.026	-0.153	-0.200
C	0.680	0.478	0.121	-0.464
A	0.370	0.418	0.210	-0.285
U	-0.870	0.612	0.062	-0.474
U	-2.400	0.498	0.117	0.470
C	1.100	0.399	0.321	0.184
A	0.606	0.396	-0.032	-0.361
U	-1.300	0.757	0.325	-0.096
C	0.351	-0.271	-0.548	0.179
C	0.320	-0.062	-0.594	-0.459
A	0.376	0.078	-0.007	-0.707
G	0.309	-0.193	-0.779	-0.461
G	0.400	0.266	-0.399	-0.575
C	0.480	-0.005	-0.499	-0.403
A	1.193	-0.500	0.919	0.383
C	0.537	0.299	-0.080	-0.368
A	0.445	0.287	0.023	-0.659
G	0.347	0.110	-0.484	-0.392
G	0.254	-0.254	-0.814	-0.344
A	0.305	-0.364	-0.591	-0.533
A	0.408	0.115	-0.493	-0.530
A	0.364	-0.024	-0.318	-0.613
G	0.403	0.369	-0.313	-0.576
G	0.304	-0.390	-0.925	-0.407
A	0.300	-0.965	-1.269	-0.191
C	0.395	0.036	-0.544	-0.516
A	0.194	-0.737	0.693	-0.948
G	0.059	-0.135	-0.696	-0.041
G	0.331	-0.130	-0.722	-0.474
G	0.346	-0.386	-0.867	-0.325
U	-2.237	0.202	0.029	-0.956
C	0.075	-1.195	-1.576	-0.086
A	0.407	0.287	-0.368	-0.604
G	0.308	-0.157	-0.746	-0.442
G	0.176	-1.002	-1.445	-0.268
A	0.301	-0.361	-0.643	-0.520
A	0.390	0.088	-0.491	-0.546
A	0.365	-0.012	-0.453	-0.573
G	0.439	0.483	-0.224	-0.637
G	0.078	-1.576	-1.914	-0.130
A	0.421	0.317	-0.356	-0.601
G	0.398	0.526	-0.180	-0.583
G	0.318	-0.218	-0.746	-0.373
A	0.267	-2.104	-2.122	0.237
C	-0.227	-0.443	-0.490	0.554
U	-2.431	0.837	0.512	2.068
C	0.208	-0.144	0.104	0.900
U	-3.808	-0.384	1.998	2.752
G	-1.694	0.274	-0.143	2.771
G	0.205	-0.624	-1.112	-0.256
G	0.324	0.150	-0.479	-0.445
C	0.420	0.353	-0.196	-0.342
G	-1.352	-0.203	-0.545	2.348
G	0.393	0.355	-0.319	-0.547
C	0.366	-0.009	-0.549	-0.442
A	0.484	-0.461	0.241	-0.533
G	0.343	0.090	-0.385	-0.158
C	-0.249	-3.431	-2.963	0.764
C	-0.003	-0.297	-0.451	0.658
U	-1.457	0.497	0.159	0.569
C	0.448	-0.069	-0.376	0.196
C	0.810	-0.216	-0.295	0.288
A	1.688	-0.278	0.394	0.950
C	0.746	-0.215	-0.421	-0.006
A	0.386	-0.195	-0.505	-0.315
U	-0.558	-0.051	-0.552	-0.169
U	-0.692	0.416	-0.149	0.563
C	-0.237	-0.058	-0.195	1.546
C	0.330	0.351	0.379	1.467
C	0.069	0.317	0.411	1.839
C	0.404	0.285	-0.148	-0.007
U	-0.799	0.341	0.344	-0.318
U	-1.880	0.487	0.515	1.218
C	-0.253	0.300	-0.173	0.602
C	0.643	0.339	0.102	-0.116
A	0.521	-0.395	0.013	-0.371
C	0.759	0.277	0.026	-0.018
G	0.280	0.150	-0.431	-0.322
C	1.285	-3.190	-1.892	1.821
U	-4.588	0.373	0.482	-0.753
U	-2.392	-0.188	-0.358	0.999
G	-1.794	0.231	-0.165	2.416
G	-0.344	-3.036	-3.063	0.456
C	-0.183	-3.027	-0.390	-0.623
C	0.422	-0.285	-0.680	-0.354
C	0.570	0.485	-0.083	-0.500
C	0.446	0.344	-0.253	-0.487
C	0.148	-0.967	-1.041	-0.188
A	0.192	-1.002	-1.145	-0.372
G	0.078	-1.594	-1.932	-0.134
A	0.313	-0.313	-0.805	-0.467
A	-0.419	-4.610	-3.961	0.483
U	-1.615	-0.241	-0.568	-0.677
G	-0.946	-1.174	-1.436	1.577
G	0.163	-0.149	-0.710	-0.421
A	0.356	0.137	-0.251	-0.385
G	0.353	0.297	-0.227	-0.126
G	0.939	0.032	0.096	0.437
A	0.473	0.148	-0.064	-0.373
G	-0.253	0.633	0.070	0.675
G	0.353	0.374	-0.166	-0.449
G	0.274	0.245	-0.357	-0.505
U	-2.025	-2.541	-2.173	-0.157
G	0.062	-0.578	-1.018	-0.224
U	-3.090	-2.112	-1.706	-0.293
C	0.306	-1.928	-1.876	0.292
U	-2.288	-0.159	0.180	1.255
G	-1.425	-2.713	-2.690	2.128
U	-6.313	-24.521	20.232	-5.536
A	0.306	-0.339	-0.555	-0.476
U	-1.908	-0.634	0.875	-0.005
U	-1.717	-0.155	1.148	0.287
A	0.029	-0.690	-0.986	-0.316
C	0.941	0.174	0.321	0.548
U	-3.096	0.969	0.704	3.606
G	-2.756	-0.483	-0.550	4.681
G	-1.160	-3.227	-3.147	1.819
G	-0.358	-3.678	-3.559	0.671
C	0.658	-1.329	-0.780	0.433
G	0.718	-0.251	-0.271	0.420
A	-0.233	-4.246	-3.503	0.599
G	0.393	0.023	-0.420	-0.112
G	0.250	-0.326	-0.880	-0.392
U	-1.099	-0.916	-1.096	-0.446
G	0.278	-0.160	-0.748	-0.434
U	-1.488	-4.040	-3.236	1.257
C	0.003	-0.590	-0.257	-0.180
C	-0.145	-1.530	1.734	-0.764
U	-0.839	-0.903	0.091	0.331
C	0.392	0.011	-0.128	0.013
C	0.055	-1.511	-1.701	0.246
C	0.588	-0.077	-0.437	-0.133
U	-0.451	-1.148	-1.487	-0.001
U	-1.922	0.340	-0.064	1.380
C	0.345	0.419	-0.186	-0.364
C	0.241	-0.355	-0.759	-0.108
U	-2.090	-0.553	-0.341	1.056
G	-2.568	-2.008	-1.812	4.049
G	-2.285	-5.953	-5.364	3.359
G	0.148	-0.402	-0.939	-0.214
G	0.188	-0.020	-0.441	0.201
A	0.432	-0.220	-0.626	-0.335
C	0.394	-0.028	-0.503	-0.318
U	-0.977	-1.343	-1.478	0.002
G	-1.286	-1.103	-1.344	1.618
U	-0.865	-4.339	-3.887	0.781
G	-0.315	-0.493	-0.877	0.426
G	-0.986	-0.753	-0.728	2.038
G	-4.012	-9.642	-8.026	6.403
G	-2.249	-0.378	-0.121	4.956
G	0.835	-0.134	-0.158	0.381
G	0.493	-0.811	-0.967	0.082
U	-1.188	-2.126	-1.801	-0.220
G	-0.658	-2.033	-1.972	1.543
G	0.350	-1.061	-1.244	0.137
U	-1.218	-1.323	-1.498	-0.372
C	-0.367	-6.146	-5.342	1.399
A	-0.002	-2.998	-2.916	0.341
A	-1.343	-9.777	-8.561	1.806
A	0.153	-1.181	-1.593	-0.244
A	-0.637	-5.730	-5.323	0.852
G	0.382	0.112	-0.530	-0.556
A	0.456	0.535	-0.181	-0.658
C	-1.479	-10.554	-9.304	2.022