"Clone sequence"	PC1	PC2	PC3	PC4	PC5
					
					
G	-0.529	-3.555	0.429	-2.701	-1.639
A	-0.434	-0.301	0.543	-0.196	0.038
G	-0.477	-1.568	0.504	-1.208	-0.632
C	-0.445	-0.505	0.541	-0.386	-0.082
A	-0.452	-0.466	0.483	-0.369	-0.117
U	-0.247	-7.242	0.259	-5.476	-3.823
U	0.549	0.408	0.456	0.213	-0.329
U	0.798	0.559	0.046	-0.071	0.466
C	-0.446	-1.396	-0.050	-1.198	-0.572
A	0.049	-1.372	0.379	-0.974	-1.190
U	0.514	-3.623	0.284	-2.738	-2.380
C	-0.106	-0.149	0.151	-0.408	0.351
C	-0.290	-0.107	0.426	-0.154	0.249
G	1.532	-0.050	-0.943	-1.426	1.594
G	-0.082	0.255	0.366	-0.024	0.423
A	-0.404	0.281	0.520	0.385	0.387
G	-0.361	0.235	0.551	0.134	0.245
U	-0.260	0.066	0.521	0.020	0.136
C	-0.987	0.436	-1.106	0.186	-0.307
U	-0.181	-0.397	0.386	-0.320	0.108
G	-0.352	0.166	0.438	0.049	0.209
G	-0.447	0.225	0.490	0.137	0.220
C	-0.499	-0.203	0.278	-0.153	-0.004
C	-0.675	0.238	-0.264	0.157	-0.006
G	-0.409	-0.600	0.262	-0.554	-0.197
C	-0.534	-0.130	0.120	0.088	0.042
C	-0.441	-0.015	0.536	-0.046	0.148
C	-0.458	0.013	0.356	-0.038	0.132
U	0.393	-0.367	-0.071	-0.616	0.635
G	-0.346	0.270	0.567	0.176	0.215
A	-0.393	0.007	0.076	0.187	-0.162
C	-0.461	-0.441	0.322	-0.160	-0.026
C	-0.357	-0.666	0.219	-0.573	-0.097
U	4.187	1.406	0.592	1.331	-3.706
U	3.160	0.843	-0.470	-0.191	-0.539
C	0.020	0.232	-2.372	-0.828	0.374
C	0.032	0.420	-0.778	-0.298	0.645
C	-0.470	0.493	0.354	0.307	0.344
C	-0.424	0.354	0.459	0.228	0.338
C	-0.215	0.358	0.256	0.046	0.502
A	-0.430	-0.153	0.377	0.044	0.057
G	-0.278	0.417	0.322	0.151	0.448
C	-0.288	-0.157	0.211	-0.225	0.210
C	-0.594	0.238	-0.118	0.127	0.077
G	-0.403	0.185	0.303	0.055	0.158
C	-0.468	0.311	0.386	0.188	0.265
C	-0.421	-0.116	0.369	-0.175	0.099
U	0.007	0.021	0.433	-0.072	0.043
G	0.103	0.370	0.140	-0.093	0.629
C	-0.754	0.491	-0.771	0.236	-0.019
A	-0.372	0.013	0.422	0.312	0.225
G	-0.175	0.379	0.246	0.057	0.488
G	-0.051	-0.489	0.116	-0.715	0.232
G	0.277	0.433	-0.134	-0.229	0.866
G	-0.164	-0.639	0.416	-0.593	-0.239
G	-0.184	0.200	0.446	0.079	0.081
C	-0.501	0.260	0.201	0.278	0.237
G	-0.241	0.035	0.187	-0.197	0.301
C	-0.462	0.400	0.446	0.256	0.317
C	-0.306	-0.005	0.429	-0.080	0.280
A	-0.413	-0.417	0.332	0.193	0.134
G	-0.288	-0.148	0.463	-0.221	0.137
A	-0.554	-6.586	0.300	-4.873	-3.173
G	1.019	0.087	-0.580	-1.011	1.392
G	-0.356	-1.124	0.435	-0.953	-0.317
G	-0.013	0.146	0.486	0.074	-0.163
C	-0.477	-0.227	0.279	-0.150	0.015
C	-0.245	0.219	0.354	0.129	0.461
G	0.576	0.159	-0.249	-0.646	1.075
G	-0.357	-0.207	0.508	-0.222	0.067
A	-0.446	-0.209	0.440	-0.041	0.072
G	-0.379	0.285	0.439	0.143	0.274
C	-0.513	-0.866	0.290	-0.557	-0.308
A	0.177	0.419	0.306	0.452	-0.442
C	-0.436	-0.250	0.526	-0.195	0.049
G	-0.267	-1.866	0.397	-1.508	-0.799
G	-0.251	-0.918	0.507	-0.729	-0.461
A	-0.312	0.008	0.458	0.202	0.104
A	-0.240	-0.067	0.527	-0.034	-0.095
A	-0.411	0.087	0.539	0.186	0.273
G	-0.425	-0.278	0.544	-0.241	0.006
C	-0.456	-0.539	0.433	-0.437	-0.122
A	-0.120	-1.359	-0.117	1.666	0.606
G	0.319	0.200	-0.113	-0.446	0.874
C	-0.893	0.289	-0.658	0.140	-0.243
G	0.022	0.128	0.134	-0.277	0.580
G	-0.431	-0.213	0.540	-0.200	0.063
A	-0.462	0.190	0.406	0.158	0.181
U	0.108	0.295	0.420	0.081	0.135
C	-0.531	0.389	-0.085	0.160	0.194
C	-0.861	0.627	-0.813	0.383	-0.056
U	2.422	0.287	0.339	1.117	-1.802
U	0.183	0.034	0.404	0.218	0.011
G	-0.379	0.263	0.559	0.161	0.262
A	-0.422	-0.282	0.533	-0.181	0.025
U	1.095	0.176	0.562	0.301	-1.248
G	-0.388	0.448	0.545	0.279	0.419
C	-0.920	0.318	-0.747	0.141	-0.267
U	-0.055	0.193	0.502	0.250	0.085
G	-0.327	0.155	0.404	0.047	0.130
C	-0.458	0.413	0.422	0.325	0.344
C	-0.409	0.316	0.432	0.184	0.330
U	1.378	0.679	0.405	0.461	-0.871
U	6.759	1.556	0.523	2.547	-5.824
A	1.100	-0.119	-0.060	1.338	-1.115
A	-0.291	-0.534	0.202	0.654	0.242
G	-0.298	0.394	0.459	0.188	0.402
U	0.177	0.326	0.459	0.147	-0.008
C	-0.418	0.085	0.440	0.148	0.250
C	-0.410	0.442	0.539	0.296	0.398
G	1.953	0.163	-1.387	-1.452	1.553
G	-0.217	0.390	0.431	0.169	0.363
C	-0.410	0.103	0.301	0.124	0.252
U	1.037	0.442	-0.173	-0.019	0.743
C	0.665	0.375	-0.622	-0.495	1.255
A	-0.052	-0.822	0.134	1.568	0.636
G	-0.111	0.341	0.374	0.100	0.303
A	-0.455	-2.317	0.404	-1.522	-0.932
G	-0.187	0.223	0.381	-0.038	0.477
G	1.056	0.309	-0.604	-0.869	1.531
G	0.307	0.045	0.419	0.004	-0.554
G	-0.327	0.086	0.491	0.016	0.109
C	-0.563	-0.026	0.162	0.005	0.016
G	-0.309	0.256	0.416	0.098	0.260
C	-0.149	0.072	0.035	0.144	0.517
A	-0.242	-0.849	-0.223	1.461	0.450
G	-0.341	0.350	0.501	0.181	0.370
C	-5.893	1.781	-15.490	0.956	-5.469
G	-0.292	-0.273	0.168	-0.359	-0.052
U	0.084	-0.057	0.448	-0.110	-0.117
G	-0.404	-1.534	0.441	-1.236	-0.556
G	-0.368	-0.022	0.559	-0.041	0.074
C	-0.448	-1.176	0.494	-0.784	-0.377
C	-0.379	0.321	0.515	0.204	0.373
U	0.203	-0.007	0.115	-0.352	0.579
G	0.427	-0.078	-0.289	-0.757	0.820
G	0.532	-0.361	-0.269	-1.011	0.752
G	-0.421	0.238	0.495	0.139	0.236
G	-0.403	-0.002	0.472	-0.053	0.119
U	-0.318	0.192	0.546	0.153	0.220
C	-0.472	0.027	0.362	0.070	0.153
G	-0.211	-0.031	0.352	-0.216	0.299
C	-0.374	-0.242	0.118	-0.325	0.064
U	-0.191	0.421	0.536	0.268	0.244
A	-0.309	0.352	0.534	0.391	0.288
U	-0.230	0.414	0.505	0.318	0.373
C	-0.465	0.282	0.384	0.186	0.261
U	-0.106	-0.025	0.512	-0.068	-0.063
U	0.465	-2.976	-0.109	-2.762	-1.033
C	-0.448	0.077	0.403	0.005	0.174
C	-0.425	0.092	0.553	0.042	0.218
C	-0.422	0.418	0.417	0.252	0.363
A	-0.400	0.256	0.513	0.193	0.229
U	1.127	0.012	-0.362	-0.131	0.913
C	-0.428	0.809	-1.479	0.091	0.345
C	-0.270	0.202	0.428	0.110	0.427
G	1.049	0.019	-0.592	-1.059	1.310
G	-0.257	0.270	0.488	0.137	0.198
A	-0.527	0.247	0.206	0.192	0.097
A	-0.335	0.062	0.315	0.227	0.015
C	-0.703	0.532	-0.207	0.338	0.096
A	-0.212	0.125	-0.811	0.962	-0.588
U	0.741	0.532	0.356	0.635	-0.117
C	-1.371	0.594	-2.206	0.316	-0.677
U	0.059	-0.240	0.373	0.821	0.231
G	-0.405	0.360	0.196	0.222	0.028
C	-0.416	0.211	0.453	0.296	0.329
C	-0.428	0.222	0.563	0.133	0.276
C	-0.441	0.097	0.505	0.064	0.208
U	-0.224	0.346	0.472	0.205	0.392
G	-0.323	0.347	0.467	0.172	0.344
C	-0.468	0.161	0.086	0.177	0.212
U	-0.131	0.341	0.456	0.180	0.331
G	0.014	0.313	-0.825	-0.247	0.128
G	0.163	0.140	-0.072	-0.380	0.646
G	1.313	0.169	-0.846	-1.171	1.671
G	-0.211	0.236	0.401	0.046	0.278
G	0.110	0.490	-0.020	0.170	-0.035
A	-0.138	0.403	0.209	0.372	-0.226
C	-0.676	-0.058	-0.257	-0.080	-0.151
A	-0.366	-0.020	0.256	0.069	-0.119
C	-1.090	0.023	-2.295	-0.374	-0.729
U	1.395	0.526	0.459	0.375	-1.118
A	0.990	0.651	-0.028	0.832	-1.414
C	-0.349	-0.278	0.155	-0.357	0.074
G	4.831	-0.700	-3.638	-4.372	4.150
G	-0.450	-1.387	0.483	-1.077	-0.569
G	-0.011	0.138	0.485	0.106	-0.294
C	-0.474	-0.837	0.449	-0.639	-0.276
C	-0.424	0.185	0.506	0.089	0.255
U	2.302	0.801	0.330	0.509	-1.561
U	2.442	0.478	-0.306	0.140	-0.310
C	-0.626	0.714	-2.387	0.065	0.068
C	-0.500	0.539	0.170	0.385	0.341
C	-0.334	0.415	-0.668	-0.040	0.332
U	2.417	0.730	0.445	0.624	-1.980
U	0.465	0.168	0.087	-0.013	0.538
G	-0.318	-0.640	0.421	-0.537	-0.298
C	-0.382	-0.055	0.495	-0.085	0.188
C	-0.360	0.379	0.496	0.199	0.406
U	0.120	0.303	0.331	0.066	0.350
G	0.998	0.510	-0.536	-0.623	1.427
A	-0.375	0.197	0.465	0.490	0.392
G	1.895	0.662	-1.255	-1.202	2.380
G	0.044	0.410	0.125	-0.045	0.626
G	-0.409	0.170	0.282	0.074	0.037
U	0.228	0.195	0.187	0.317	0.617
A	2.457	-10.310	-2.835	11.694	3.661
G	-0.002	0.215	0.236	-0.155	0.550
G	-0.262	0.235	0.452	0.070	0.283
G	-0.501	-0.172	-0.204	-0.207	-0.435
U	0.303	0.050	0.114	0.151	0.621
C	-1.821	-1.354e-004	-3.539	-0.074	-1.471
U	5.221	0.465	0.365	0.453	-4.822
C	-0.501	-1.853	0.393	-1.422	-0.798
A	3.094	0.896	0.507	1.059	-3.211
A	-0.287	-0.355	0.451	0.016	-0.048
G	-0.396	0.155	0.536	0.082	0.193
G	-0.405	-0.741	0.489	-0.597	-0.266
U	-0.328	0.064	0.543	0.068	0.157
C	-0.611	-1.925	0.144	-1.477	-0.958
A	-4.364	1.714	-9.822	0.829	-4.218
C	-1.274	0.841	-1.577	0.522	-0.427
U	3.862	0.842	0.460	1.553	-3.238
U	0.941	0.451	0.489	0.999	-0.616
G	0.463	0.654	0.441	0.469	-0.387
C	-0.511	-0.383	-0.166	0.500	0.108
C	-0.705	-0.662	-0.281	-0.371	-0.425
C	-0.689	0.642	-0.094	0.442	0.173
C	-0.461	0.415	0.397	0.276	0.326
C	-0.393	-0.243	-0.496	0.911	0.377
A	0.209	-2.034	-0.629	2.676	0.597
G	-0.394	0.460	-0.093	0.153	0.272
C	-0.652	-0.863	-1.286	1.201	-0.006
U	0.681	0.334	0.494	0.631	-0.501
U	0.172	0.410	0.486	0.440	0.034
G	-0.182	-0.221	0.438	-0.264	-0.048
A	-0.430	0.042	0.101	0.472	0.123
C	-0.514	0.431	0.311	0.337	0.288
C	-0.388	0.026	0.478	0.217	0.288
U	0.300	0.229	0.271	0.089	0.289
G	-0.052	0.235	0.256	-0.117	0.546
G	-0.397	0.395	0.559	0.265	0.325
C	-0.438	-0.463	0.483	-0.277	-0.035
C	-0.323	0.322	0.486	0.156	0.418
G	1.823	0.497	-1.228	-1.291	2.269
G	-0.112	0.166	0.310	-0.134	0.495
A	-0.388	0.172	0.506	0.374	0.356
G	-0.390	0.040	0.550	-0.013	0.176
U	-0.001	0.325	0.250	0.051	0.688
G	-0.258	0.412	0.387	0.143	0.503
G	-0.302	0.371	0.466	0.156	0.451
C	-0.486	-0.270	0.158	-0.300	-0.054
U	-0.181	-0.531	0.369	-0.553	0.037
A	0.077	-0.844	0.077	1.180	0.135
U	1.796	0.630	0.446	1.081	-1.284
A	-0.265	-1.144	-0.087	1.073	0.323
G	-0.263	0.125	0.447	-0.042	0.321
A	-0.412	-0.469	0.535	-0.341	-0.093
G	-0.391	0.270	0.498	0.139	0.310
G	-0.421	-0.406	0.493	-0.343	-0.088
A	-0.204	-0.754	0.381	-0.200	-0.343
C	-0.509	-0.098	0.223	-0.153	0.012
U	0.291	0.429	0.103	-0.117	0.775
U	2.540	0.665	0.559	0.744	-2.402
U	1.211	0.219	0.432	0.906	-0.875
G	-0.309	0.023	0.466	-0.076	0.186
U	-0.117	0.123	0.480	0.207	0.162
C	-0.424	-4.448e-005	0.488	-0.034	0.171
C	-0.435	-0.092	0.543	-0.083	0.123
C	-0.390	0.199	0.404	0.077	0.288
U	-4.401e-004	-0.039	0.434	0.006	0.039
G	0.186	0.498	0.012	-0.087	0.802
C	1.531	0.573	-1.608	-1.144	2.006
A	0.019	-1.250	-0.122	2.348	0.962
G	-0.409	0.363	0.554	0.237	0.329
A	-0.443	-0.055	0.489	-0.005	0.128
C	-0.584	0.242	-0.002	0.198	0.113
U	-0.266	0.193	0.491	0.078	0.289
G	-0.094	0.405	0.306	0.050	0.579
C	-0.323	0.484	0.018	0.194	0.454
A	-0.513	0.105	0.074	0.495	0.207
G	-0.300	0.474	0.461	0.236	0.486
C	-0.480	0.165	0.229	0.066	0.174
A	-0.492	0.077	0.222	0.376	0.228
G	-0.022	0.490	0.213	0.035	0.737
C	-0.118	-0.113	-0.405	-0.250	0.373
A	-0.314	-0.022	0.307	0.931	0.537
G	-0.434	0.450	0.246	0.238	0.314
A	-0.435	-0.017	0.531	0.015	0.170
G	-0.428	0.086	0.515	0.027	0.175
A	-0.439	-0.598	0.481	-0.421	-0.163
U	1.253	0.145	0.606	0.230	-1.554
G	-0.376	0.282	0.570	0.186	0.245
A	-0.336	0.023	0.334	0.469	0.225
C	-0.461	0.335	0.356	0.239	0.293
A	0.592	0.075	-0.054	0.167	-1.445
C	-1.085	0.539	-1.381	0.300	-0.362
U	-0.128	0.057	0.364	0.351	0.474
G	-0.353	0.342	0.432	0.202	0.220
U	0.135	-0.250	0.433	-0.006	-0.197
C	-0.316	-0.346	0.098	0.610	0.366
U	1.963	0.682	-0.786	-0.685	1.318
C	-0.397	0.125	-0.322	-0.105	0.183
U	0.755	-0.181	-0.229	-0.654	0.744
G	1.218	0.387	-0.735	-0.872	1.519
A	-0.365	0.064	0.487	0.470	0.395
G	-0.375	0.228	0.553	0.136	0.234
U	-0.289	0.199	0.518	0.321	0.303
G	-0.047	0.431	0.169	0.053	0.481
C	2.148	0.408	-1.781	-1.514	2.507
A	-0.254	-0.191	0.264	1.126	0.594
G	-0.345	0.285	0.434	0.133	0.274
A	-0.446	0.284	0.513	0.210	0.293
G	-0.405	0.455	0.531	0.313	0.328
A	-0.433	-0.094	0.508	0.016	0.153
U	0.541	-0.568	0.531	-0.271	-1.074
G	0.631	0.643	0.163	0.121	0.326
G	-0.074	0.144	0.283	-0.135	0.376
G	0.283	0.262	-0.025	-0.334	0.803
G	-0.307	0.208	0.456	0.046	0.322
G	-0.170	0.330	0.518	0.210	0.094
C	-0.345	-0.047	0.358	-0.032	0.239
A	-0.341	-0.011	0.441	0.405	0.281
G	-0.247	0.304	0.387	0.061	0.446
G	-0.300	-0.791	0.381	-0.744	-0.112
G	-0.188	-0.423	0.294	-0.529	0.095
A	-0.418	-0.033	0.521	0.033	0.156
G	-0.339	0.105	0.371	-0.041	0.249
C	-0.526	-2.107	0.116	-1.555	-0.939
U	-0.167	-0.350	0.342	-0.418	0.205
G	1.330	-0.114	-0.970	-1.413	1.502
G	0.110	-1.509	0.015	-1.566	-0.213
G	0.022	-1.640	-0.024	-1.596	-0.473
A	-0.377	-0.281	0.430	0.179	0.159
G	-0.276	-1.585	0.322	-1.372	-0.476
A	-0.421	-0.985	0.456	-0.564	-0.287
G	-0.017	0.279	0.188	-0.129	0.623
G	-0.285	-0.055	0.403	-0.182	0.227
G	-0.630	-1.230	-0.128	-1.000	-0.788
U	-0.110	-0.446	0.351	0.867	0.378
U	1.233	-0.737	0.283	-0.698	-1.326
C	-0.387	0.098	0.361	-0.002	0.240
A	-0.090	-2.093	0.303	-1.463	-1.420
A	-0.376	-0.027	0.389	0.464	0.321
G	-0.362	0.045	0.487	-0.031	0.166
C	-0.480	-0.256	0.154	-0.172	-0.007
U	-0.201	0.180	0.489	0.094	0.225
A	-0.352	-0.732	0.339	-0.468	-0.419
C	-1.251	-3.036	-1.781	-2.325	-2.243
U	-0.307	0.128	0.499	0.068	0.279
G	-0.429	0.340	0.006	0.100	0.208
G	-0.330	0.307	0.453	0.151	0.285
A	-0.844	0.443	-0.768	0.534	-0.174
A	-0.180	-0.265	0.187	0.794	0.185
C	-1.054	-0.123	-1.219	0.069	-0.562
A	-0.648	-0.530	-1.127	1.554	0.143
G	-0.186	0.480	0.444	0.247	0.360
C	-0.542	-0.142	-0.790	0.791	0.200
U	1.027	0.546	0.188	0.284	-0.054
U	6.445	1.875	0.074	1.307	-4.491
C	-0.002	-0.379	0.059	-0.596	0.344
A	0.209	-0.960	0.118	1.880	0.572
G	-0.202	-0.188	0.424	-0.283	0.118
A	-0.254	-1.433	0.254	0.102	-0.111
A	-0.348	0.192	0.481	0.169	0.126
C	-0.483	0.306	0.351	0.349	0.294
A	-0.454	0.426	0.013	0.341	-0.063
A	-0.510	0.117	0.009	0.095	-0.168
C	-1.375	0.830	-2.075	0.451	-0.576
U	1.231	0.492	-0.130	0.173	0.500
A	-0.118	-0.052	-0.085	1.002	0.010
G	0.007	0.488	0.215	0.042	0.686
G	-0.138	-0.231	0.260	-0.428	0.260
G	-0.457	-0.170	0.240	-0.202	-0.066
U	-0.157	0.301	0.532	0.215	0.153
A	-0.346	0.335	0.350	0.275	0.074
C	-0.448	0.456	0.129	0.431	0.386
U	1.910	0.364	-0.588	-0.142	0.845
A	-0.173	-0.336	0.192	1.064	0.397
G	0.198	0.261	0.091	0.160	-0.649
G	-0.367	-0.833	0.464	-0.702	-0.246
A	-0.474	-0.160	0.265	-0.118	-0.119
A	-0.450	-0.925	0.496	-0.656	-0.294
C	-0.684	-0.760	-0.091	-0.629	-0.496
U	-0.340	0.144	0.509	0.046	0.289
G	-0.263	0.378	0.321	0.108	0.460
C	-0.561	0.347	0.021	0.171	0.158
U	-0.132	-0.457	0.382	-0.386	0.027
G	-0.132	0.209	0.331	-0.067	0.439
U	-0.015	0.329	0.525	0.302	0.058
G	-0.415	-1.806	0.465	-1.407	-0.769
U	0.921	0.399	0.479	0.385	-0.736
C	-0.414	0.309	0.529	0.244	0.344
A	0.583	0.539	0.559	0.490	-0.662
G	0.300	0.515	0.039	-0.113	0.870
G	-0.345	0.042	0.499	-0.048	0.212
G	-0.193	-0.382	0.421	-0.379	-0.153
A	-0.375	0.252	0.529	0.309	0.305
G	-0.073	0.322	0.286	-0.005	0.479
A	-0.311	0.100	0.327	0.276	0.033
A	-0.382	-0.072	0.310	0.443	0.244
G	0.048	0.272	0.080	-0.200	0.682
G	-0.223	0.251	0.357	-2.348e-004	0.439
G	0.227	-0.458	0.052	-0.742	0.127
G	0.954	0.654	-0.124	0.134	-0.214
C	-0.010	-0.101	-0.463	-0.491	0.420
U	-0.073	-0.155	0.402	-0.236	0.086
C	-0.600	-0.331	-0.347	-0.251	-0.195
A	1.373	-0.076	-0.516	0.866	-2.219
A	-0.393	-0.047	-0.140	0.502	-0.110
G	-0.627	0.493	-0.426	0.214	0.038
G	-0.360	0.166	0.491	0.070	0.195
A	-0.410	-0.725	0.286	-0.468	-0.400
C	-0.517	-0.598	-0.066	-0.566	-0.257
U	0.208	0.431	0.255	0.019	0.503
C	-0.876	-0.809	-0.826	-0.699	-0.760
G	3.035	0.828	-3.796	-2.182	2.772
C	-0.097	0.410	-0.827	-0.228	0.523
A	-0.422	0.243	0.511	0.259	0.305
G	-0.436	-0.512	0.535	-0.424	-0.086
G	-0.415	-0.115	0.539	-0.124	0.093
C	-0.429	0.127	0.558	0.072	0.233
C	-0.418	0.316	0.478	0.200	0.326
U	0.722	0.385	-0.260	-0.482	1.155
G	0.791	0.518	-0.612	-0.552	1.312
G	0.273	-0.156	-0.037	-0.634	0.547
G	0.787	-0.133	-0.372	-0.975	1.006
A	-0.408	0.089	0.527	0.155	0.234
G	-0.224	0.573	0.369	0.247	0.594
G	-0.256	-0.498	0.402	-0.518	-0.006
A	-0.279	-0.120	0.431	0.630	0.384
G	0.263	0.548	0.036	-0.111	0.991
G	0.589	-0.925	-0.294	-1.445	0.439
G	0.150	-0.145	0.440	-0.198	-0.306
G	3.625	1.382	0.508	1.333	-3.572
C	-0.492	-0.190	0.298	-0.158	0.007
C	-0.371	-0.777	0.013	-0.759	-0.201
U	4.461	0.666	-1.518	-1.249	0.485
A	-0.241	-0.285	0.370	0.870	0.485
G	-0.400	0.387	0.549	0.249	0.348
G	-0.456	-1.854	0.452	-1.434	-0.802
C	-0.463	-0.855	0.497	-0.634	-0.266
C	-0.431	0.073	0.527	0.024	0.201
A	-0.496	-3.555	0.335	-2.381	-1.515
G	-0.354	0.343	0.314	0.132	0.343
C	-0.360	-1.246	0.256	-1.023	-0.379
C	0.065	0.444	-0.022	-0.062	0.782
A	0.387	0.068	0.059	0.452	-0.883
U	0.750	0.142	0.138	0.246	0.165
G	4.145	0.232	-2.941	-3.049	3.769
G	-0.174	-1.027	0.369	-0.901	-0.413
G	-0.040	-1.342	0.097	-1.341	-0.261
A	-0.435	0.339	0.419	0.367	0.311
G	-0.210	-0.208	0.294	-0.215	-0.283
U	-0.229	0.299	0.529	0.292	0.251
U	-0.119	-2.409	0.339	-1.893	-1.120
G	0.667	0.491	-0.651	-0.373	0.706
G	-0.227	0.428	-0.192	0.174	-0.122
G	-0.041	0.122	0.264	0.023	-0.254
U	0.209	0.328	0.473	0.261	-0.048
C	-0.591	-0.338	0.101	-0.202	-0.157
A	-1.157	-1.452	-1.909	-1.190	-2.038
C	-0.386	0.226	0.318	0.249	0.346
C	-0.255	0.307	0.228	0.237	0.501
U	0.067	-2.054	0.086	-1.739	-0.464
G	0.046	-0.740	0.161	-0.911	0.099
U	-0.144	0.203	0.520	0.284	0.143
G	-0.169	-0.257	0.534	-0.210	-0.252
U	0.376	-0.727	0.419	-0.445	-0.728
C	-0.720	0.223	-0.368	0.202	-0.048
U	-0.139	0.069	0.448	0.122	0.222
G	0.133	0.165	0.060	-0.308	0.630
A	-0.393	0.028	0.509	0.178	0.223
G	-0.189	0.580	0.180	0.256	0.376
G	-0.339	0.069	0.484	0.012	0.074
A	-0.040	0.338	0.204	0.491	-0.245
C	-0.608	0.267	-0.035	0.142	0.077
U	0.340	0.452	0.421	0.197	-0.008
U	-0.152	0.197	0.496	0.126	0.173
G	-0.331	0.231	0.464	0.069	0.342
G	-0.203	0.237	0.494	0.117	0.127
U	-0.202	0.369	0.572	0.289	0.145
G	-0.412	-0.245	0.530	-0.232	0.048
C	-0.606	0.269	0.064	0.168	0.091
U	-0.326	-0.632	0.501	-0.469	-0.179
G	-0.381	0.065	0.537	-0.007	0.210
U	1.444	0.675	0.509	0.556	-1.186
C	-1.344	0.634	-1.836	0.359	-0.612
U	-0.113	-0.037	0.335	-0.181	0.366
G	0.567	0.303	-0.289	-0.529	1.085
G	-0.382	-0.246	0.500	-0.260	0.087
A	-0.447	-0.819	0.523	-0.615	-0.250
U	0.798	0.623	0.566	0.579	-0.686
U	1.892	0.847	0.530	0.770	-1.572
U	2.445	0.835	0.464	0.719	-1.988
U	5.505	1.672	0.613	2.012	-4.834
G	-0.353	0.065	0.316	-0.036	0.073
C	-0.428	0.304	0.484	0.219	0.319
C	-0.510	0.313	0.252	0.188	0.217
A	-0.569	0.531	0.074	0.371	0.140
A	-2.684	0.693	-5.930	0.802	-2.558
C	-1.336	0.819	-1.994	0.464	-0.530
C	0.798	-0.980	-1.222	1.350	1.552
U	10.510	0.229	-4.275	-0.501	1.305
A	0.464	0.008	0.210	0.956	-0.436
G	4.895	0.803	-3.619	-3.224	4.791
G	-0.174	-0.033	0.352	-0.231	0.317
G	-0.073	0.389	0.373	0.152	0.243
C	-0.402	-0.045	0.035	-0.149	0.133
U	-0.042	0.270	0.291	0.105	0.614
G	-0.017	0.345	0.018	-0.105	0.577
G	0.115	-0.336	0.091	-0.678	0.408
G	-0.321	0.293	0.474	0.146	0.275
G	-0.264	0.042	0.265	-0.020	-0.170
U	-0.092	0.179	0.521	0.164	0.048
C	-0.495	0.081	0.190	-0.011	0.113
A	-0.447	-1.468	0.312	-0.792	-0.527
G	-0.425	-0.951	0.476	-0.772	-0.308
C	-0.526	-0.141	0.084	0.098	0.050
U	-0.081	-0.120	0.426	-0.164	0.065
G	-0.274	-0.589	0.387	-0.604	0.009
A	-0.383	-0.070	0.486	0.192	0.211
U	0.771	-3.394	0.457	-2.455	-2.919
G	-0.385	0.191	0.560	0.111	0.222
C	-0.455	0.195	0.504	0.122	0.235
C	-0.432	-0.127	0.545	-0.069	0.122
C	-0.550	-2.046	0.331	-1.564	-0.943
A	-1.137	0.185	-1.637	0.068	-0.968
C	-0.639	0.361	-0.028	0.220	0.092
C	-0.443	-0.082	0.267	0.079	0.154
A	-0.282	-0.711	0.092	0.329	-0.108
C	-0.586	0.209	0.129	0.128	0.087
G	-0.021	0.064	0.289	-0.138	0.110
A	-0.306	0.309	0.231	0.383	0.005
C	0.217	0.127	-0.111	-0.392	0.762
U	2.188	0.671	-0.472	-0.309	0.363
C	-0.195	0.323	0.189	0.035	0.509
C	-0.396	0.372	0.448	0.288	0.390
C	-0.630	0.092	-0.840	-0.039	-0.073
G	2.965	0.618	-2.980	-2.155	2.889
A	-0.250	-0.281	0.238	0.960	0.444
G	-0.351	0.259	0.509	0.121	0.312
C	-0.171	-1.156	0.176	0.948	0.410
C	0.027	0.393	0.131	-0.052	0.736
U	2.845	0.880	-0.875	-0.588	0.750
C	-0.431	0.249	0.460	0.140	0.278
C	-0.296	0.339	0.420	0.139	0.444
A	-0.308	0.329	0.452	0.467	0.273
G	-0.455	0.308	0.342	0.160	0.253
G	-0.416	-0.113	0.541	-0.127	0.108
A	-0.559	-0.156	0.160	-0.113	-0.114
A	-0.431	0.327	0.453	0.281	0.272
C	-0.695	-0.148	-0.089	-0.172	-0.216
U	-0.308	0.338	0.564	0.262	0.255
G	-0.406	0.439	0.565	0.291	0.385
A	-0.375	0.197	0.540	0.189	0.226
A	-0.442	0.092	0.431	0.037	0.094
A	-0.530	0.317	-0.180	0.212	-0.243
C	-0.512	0.202	-0.345	-0.058	0.094
C	-0.393	0.458	0.447	0.264	0.408
C	-1.236	-0.107	-2.196	-0.307	-0.895
U	0.415	0.127	0.059	0.188	0.690
G	-0.296	0.343	0.438	0.147	0.366
U	0.159	0.002	0.443	0.207	-0.082
C	-1.185	0.281	-1.495	0.334	-0.530
U	-0.148	-0.205	0.420	-0.079	0.130
G	-0.271	0.175	0.205	-0.019	0.174
C	-0.365	-0.067	0.020	0.314	0.300
C	-1.033	0.690	-2.958	0.104	-0.380
C	-1.100	1.310	-4.116	0.204	-0.301
C	-0.839	0.943	-1.842	0.304	-0.010
C	3.055	-0.216	-3.359	-2.129	3.075
A	-0.264	0.177	0.465	0.637	0.379
G	-0.028	0.400	0.296	0.018	0.605
G	-0.223	-0.183	0.326	-0.340	0.244
G	-0.423	0.490	0.029	0.277	0.089
U	0.086	0.045	0.400	-0.085	0.055
C	-2.702	1.184	-5.569	0.525	-1.999
U	0.243	0.277	0.228	-0.094	0.438
G	-1.012	0.746	-5.304	-0.577	-0.904
G	0.872	-3.453	-1.112	-3.696	-0.648
G	0.245	0.006	-0.118	-0.360	0.070
G	-0.201	0.550	0.424	0.292	0.410
A	-0.053	0.338	-0.176	0.472	-0.592
A	-0.466	-2.154	0.338	-1.405	-0.903
G	-0.453	0.212	0.469	0.119	0.223
G	-0.352	-0.470	0.388	-0.445	-0.097
A	-0.360	-0.141	0.518	-0.111	-0.017
G	-0.334	0.483	0.428	0.280	0.365
G	-0.429	0.195	0.480	0.092	0.253
C	-0.589	-3.624	0.217	-2.776	-1.750
U	-0.377	-1.633	0.476	-1.210	-0.692
G	-0.318	-1.452	0.381	-1.217	-0.506
C	-0.476	0.133	0.180	0.126	0.186
U	0.015	-0.096	0.271	-0.362	0.329
G	0.151	-0.158	0.093	-0.553	0.495
A	-0.433	-0.500	0.515	-0.281	-0.039
G	-0.418	-0.680	0.501	-0.564	-0.168
U	0.165	0.317	0.176	-0.064	0.677
A	-0.118	-1.402	0.147	1.108	0.413
G	-0.413	-1.342	0.496	-1.040	-0.574
A	-0.444	-0.346	0.299	0.024	0.003
A	-0.322	0.476	0.464	0.354	0.201
C	-0.489	0.028	0.277	-0.043	0.099
C	-0.453	0.110	0.479	0.063	0.196
A	-0.368	0.441	0.517	0.325	0.283
A	-0.319	0.122	-0.425	0.072	-0.804
C	-2.031	0.953	-3.626	0.460	-1.295
C	-0.522	0.197	0.316	0.101	0.151
C	-0.424	0.322	0.558	0.228	0.333
C	-0.320	0.217	0.408	0.155	0.390
A	-0.204	-0.543	0.312	0.985	0.499
G	-0.433	-0.033	0.551	-0.055	0.133
G	-0.404	0.037	0.540	-0.020	0.191
U	0.249	0.015	0.473	0.021	-0.289
U	0.502	0.729	0.563	0.579	-0.324
A	-0.388	0.083	0.380	0.072	0.013
C	-0.456	0.571	0.456	0.384	0.406
C	-0.472	-0.433	0.470	-0.362	-0.088
A	-0.384	0.387	0.480	0.282	0.239
A	-1.137	0.791	-1.873	0.519	-0.882
C	-1.725	0.739	-3.053	0.295	-1.052
C	-0.496	-0.082	0.137	-0.169	0.022
C	-0.660	0.027	-0.154	-0.075	-0.107
C	-0.479	0.464	-0.558	0.069	0.226
A	-1.091	0.574	-3.208	0.321	-2.288
C	-0.624	0.425	-0.048	0.319	0.152
C	-0.453	-0.182	0.273	-0.155	0.050
U	1.501	0.762	0.023	0.216	-0.037
C	-0.351	0.478	0.082	0.277	0.449
A	-0.672	0.174	-1.108	0.931	-0.353
G	-0.252	0.060	-0.533	-0.294	0.025
C	-0.766	-0.103	-1.096	0.013	-0.263
C	-0.551	0.596	-0.538	0.288	0.248
A	-0.787	0.734	-1.158	0.512	-0.636
C	-0.905	0.635	-1.117	0.300	-0.136
C	-0.448	0.201	0.239	0.068	0.218
C	-0.507	0.495	0.097	0.316	0.299
C	-1.000	0.741	-1.793	0.237	-0.251
U	2.208	0.808	0.560	0.737	-2.000
U	0.390	0.169	0.378	0.255	-0.067
G	-0.404	0.384	0.448	0.223	0.333
C	-0.513	-0.162	0.324	-0.151	-0.005
C	-0.395	0.440	0.521	0.270	0.406
A	-0.356	-0.031	0.255	0.759	0.406
G	-0.381	0.466	0.360	0.247	0.399
C	-0.440	-0.135	0.369	0.039	0.135
C	-0.354	0.352	0.366	0.164	0.390
A	0.250	0.471	0.157	0.749	-0.436
A	0.581	0.373	0.454	0.649	-0.619
A	-0.341	0.108	0.332	0.720	0.417
G	-0.387	0.345	0.522	0.199	0.353
C	-0.497	-0.310	0.150	-0.086	-0.015
A	-0.445	0.317	0.289	0.337	0.183
A	-0.913	0.560	-0.893	0.401	-0.321
A	-0.536	0.501	-0.392	0.507	-0.213
C	-0.628	-0.634	-0.136	-0.477	-0.361
A	-0.466	0.020	0.148	0.352	0.115
G	-0.372	0.282	0.476	0.137	0.316
G	-0.377	0.204	0.516	0.104	0.233
C	-0.450	-0.331	0.460	-0.194	0.011
C	-0.301	0.398	0.239	0.128	0.444
C	-0.388	0.298	-0.298	0.149	0.312
G	4.719	0.904	-3.857	-3.158	4.794
G	1.189	0.776	0.556	0.648	-1.093
C	-0.425	-0.045	0.508	0.009	0.172
C	-0.420	0.322	0.488	0.208	0.329
C	-0.529	0.368	0.011	0.167	0.197
G	5.698	0.853	-4.296	-3.820	5.615
G	0.622	0.630	0.543	0.512	-0.632
C	-0.420	-1.431	0.445	-1.127	-0.515
A	-0.055	0.512	0.079	0.448	-0.389
C	-0.645	0.503	-0.892	0.122	0.063
U	0.190	0.211	0.143	-0.183	0.659
G	0.366	0.608	-3.240	-0.897	0.577
G	1.102	-0.579	-1.655	-1.812	0.972
G	0.662	-0.684	-0.349	-1.330	0.663
G	-0.241	-0.538	0.078	-0.643	-0.030
G	-0.316	0.498	-1.176	0.299	-1.188
U	1.760	0.156	0.440	1.275	-1.403
U	1.473	-1.561	-0.516	-2.066	-0.217
C	-0.173	0.315	-0.138	-0.097	0.480
C	-0.378	-0.266	-1.022	-0.444	-0.021
U	5.775	0.964	-1.256	-0.640	-1.260
U	10.720	1.214	-3.407	-2.003	-1.034
C	0.723	-0.616	-0.872	-1.137	0.864
U	1.372	0.254	-0.018	0.439	0.022
C	-0.601	-2.023	-0.335	-0.986	-0.849
G	0.124	-1.112	0.416	-0.874	-0.950
A	-0.357	-0.168	0.373	0.011	-0.056
A	-0.297	0.443	0.311	0.359	0.039
C	-0.490	0.333	0.331	0.212	0.253
C	1.452	0.279	-0.963	-1.129	1.873
A	-0.130	0.405	0.514	0.547	0.180
G	-0.163	0.345	0.334	0.048	0.491
G	-0.065	0.320	0.396	0.081	0.288
A	-0.406	0.143	0.492	0.296	0.306
G	-0.321	0.095	0.539	0.031	0.128
U	-0.210	0.281	0.528	0.436	0.261
U	1.138	0.758	0.482	0.557	-0.762
C	-0.432	0.152	0.445	0.063	0.229
A	-0.433	-0.034	0.157	0.348	0.087
G	-0.393	0.151	0.483	0.060	0.204
C	-0.438	0.166	0.448	0.174	0.258
C	-0.435	0.266	0.453	0.249	0.309
U	0.098	-0.919	0.462	-0.743	-0.709
C	-0.443	0.280	0.344	0.130	0.267
C	-0.431	0.464	0.543	0.324	0.390
C	-0.444	-1.016	0.510	-0.764	-0.325
C	-0.357	0.342	0.522	0.177	0.393
U	0.541	0.244	-0.079	-0.225	0.872
G	-0.289	0.052	0.537	-0.005	0.090
A	-0.112	0.284	0.334	0.321	-0.171
C	-0.439	-0.381	0.233	0.063	0.074
C	-0.243	0.400	0.354	0.129	0.511
C	-0.502	0.416	0.029	0.216	0.252
G	3.690	0.781	-2.961	-2.173	2.863
C	1.316	1.226	-6.897	-1.535	1.646
A	-0.048	-1.131	-0.368	2.278	0.750
G	-0.378	0.245	0.509	0.115	0.312
A	-0.304	-0.331	0.448	0.377	0.248
A	-0.340	-0.006	0.500	0.107	0.101
U	-0.144	0.332	0.400	0.179	0.485
C	-0.748	0.055	-0.322	-0.017	-0.183
U	0.375	0.659	0.458	0.415	0.004
U	0.809	0.442	0.252	0.618	0.035
C	-0.927	0.447	-1.131	0.490	-0.154
U	-0.108	-0.389	0.449	-0.218	-0.100
G	-0.316	-0.095	0.469	-0.179	0.186
A	-0.287	0.267	0.541	0.276	0.187
U	0.171	0.155	0.359	0.002	0.142
C	-0.463	0.487	0.378	0.358	0.366
C	-0.425	0.240	0.555	0.175	0.296
C	-0.433	0.394	0.246	0.207	0.325
A	-0.822	0.621	-1.194	0.471	-0.652
C	-0.584	0.504	0.030	0.367	0.232
C	-0.600	0.516	0.004	0.314	0.202
C	-2.046	1.002	-4.000	0.453	-1.313
G	0.042	0.600	-0.446	0.022	0.429
C	-1.026	0.648	-2.663	-0.008	-0.405
U	1.894	0.927	0.185	0.408	-0.737
C	-0.399	-0.065	0.390	-0.081	0.164
C	-0.321	0.176	0.483	0.077	0.358
A	-0.279	0.442	0.570	0.371	0.263
G	-0.371	0.278	0.534	0.148	0.322
G	-0.233	0.197	0.362	-0.029	0.390
A	-0.405	-0.126	0.497	0.104	0.182
G	-0.372	0.380	0.461	0.229	0.286
C	-0.437	0.030	0.503	-0.011	0.172
C	-0.358	0.261	0.510	0.113	0.353
A	-0.323	0.085	0.346	0.757	0.440
G	-0.419	0.431	0.449	0.267	0.341
G	-0.257	0.101	0.428	-0.077	0.344
A	-0.187	-0.029	0.395	0.087	-0.185
A	-0.189	0.004	0.358	0.316	-0.041
U	0.005	-2.299	0.458	-1.689	-1.456
G	0.086	-0.104	0.198	-0.392	0.278
A	-0.260	-0.350	0.362	0.850	0.488
G	-0.404	-0.424	0.539	-0.355	-0.074
U	-0.189	0.370	0.509	0.237	0.283
C	-0.437	0.260	0.521	0.195	0.292
C	-0.435	-0.473	0.535	-0.362	-0.057
C	-0.434	-1.072	0.499	-0.846	-0.353
A	-0.268	-1.113	0.359	0.184	0.039
G	-0.393	0.359	0.569	0.239	0.313
U	-0.255	0.180	0.509	0.118	0.235
C	-0.324	-0.352	-0.186	-0.470	0.036
U	0.991	0.498	-0.042	-0.191	0.439
C	-0.856	0.018	-0.872	-0.107	-0.353
U	1.757	0.643	-0.531	-0.526	0.894
C	-0.176	0.540	-0.770	-0.075	0.520
C	-0.342	0.467	0.373	0.246	0.457
C	-0.308	0.030	0.402	0.402	0.425
A	-0.404	0.034	0.529	0.197	0.269
G	-0.409	0.031	0.544	-0.022	0.184
U	-0.036	-0.238	0.264	-0.125	0.390
U	1.756	0.585	-0.722	-0.574	1.347
C	-0.555	0.466	-0.712	0.169	0.169
U	1.549	0.910	0.246	0.498	-0.526
C	-0.458	0.374	0.392	0.274	0.318
A	-0.375	0.303	0.066	0.302	-0.126
C	-0.554	0.194	-0.238	0.246	0.138
U	0.132	0.316	0.156	-0.002	0.777
G	0.272	0.287	0.103	-0.214	0.610
U	-0.200	0.440	0.520	0.308	0.314
G	-0.243	-0.731	0.403	-0.682	-0.166
U	-0.207	0.470	0.515	0.292	0.342
G	-0.312	-0.170	0.354	-0.249	0.080
G	-0.325	0.268	0.411	0.107	0.270
U	-0.051	0.011	0.434	0.687	0.273
U	0.423	0.066	0.552	0.057	-0.638
U	2.650	1.019	0.653	0.985	-2.538
U	0.001	0.464	0.491	0.465	0.228
G	-0.410	0.532	0.515	0.351	0.421
C	-0.426	0.182	0.545	0.119	0.263
C	-0.395	0.244	0.539	0.127	0.314
A	-0.369	0.008	0.513	-3.416e-004	0.062
U	-0.027	0.607	0.554	0.426	0.153
U	0.204	-0.153	0.194	-0.446	0.286
C	-0.588	-0.079	0.163	-0.090	-0.052
G	-0.447	0.396	0.357	0.263	0.184
U	0.399	0.700	0.470	0.426	-0.029
C	-0.661	0.384	-0.371	0.161	0.045
U	0.478	0.535	0.431	0.295	-0.117
U	-0.035	-0.149	0.443	-0.092	-0.020
G	-0.205	0.451	0.246	0.141	0.449
C	-0.995	0.641	-1.438	0.325	-0.235
U	0.334	0.392	0.523	0.277	-0.274
G	0.460	0.174	-0.262	-0.559	0.914
C	-1.383	0.927	-2.671	0.485	-0.571
U	-0.186	0.169	0.466	0.194	0.287
G	-0.417	0.345	0.454	0.216	0.258
A	-0.386	0.103	0.398	0.362	0.252
A	0.248	0.938	-0.913	0.854	-1.366
C	-2.605	1.294	-5.040	0.745	-1.785
C	-1.945	0.989	-3.416	0.537	-1.164
A	-0.351	-0.040	0.352	-0.027	-0.122
C	-0.317	0.292	0.389	0.277	0.447
G	1.924	0.606	-1.187	-1.185	2.200
G	-0.385	0.228	0.528	0.116	0.284
G	-0.523	-0.107	0.234	-0.140	-0.034
U	-0.158	-0.045	0.410	0.853	0.456
U	0.267	-0.106	0.544	-0.028	-0.557
U	0.248	0.593	0.408	0.301	0.207
C	-1.029	0.448	-1.062	0.206	-0.342
U	2.213	0.605	-1.208	-1.166	1.993
C	-0.358	0.192	0.170	0.017	0.295
C	-0.082	0.402	0.191	0.015	0.643
U	0.647	0.163	-0.038	-0.370	0.587
C	-1.623	0.738	-2.644	0.537	-0.859
U	-0.410	-4.228	0.371	-3.177	-2.032
G	-0.215	-0.129	0.347	-0.248	0.114
A	-0.423	0.397	0.464	0.387	0.349
A	-0.421	-0.013	0.454	-0.011	0.062
A	-0.361	0.349	0.286	0.320	0.067
C	-0.496	0.354	0.377	0.222	0.257
A	-0.415	0.544	0.195	0.404	0.097
U	0.539	0.590	0.352	0.260	0.042
C	-1.050	0.834	-1.721	0.362	-0.242
U	1.558	0.484	-0.913	-0.960	1.905
G	2.169	0.824	-2.705	-1.569	2.479
G	1.118	0.501	-0.668	-0.755	1.613
G	-0.197	0.216	0.216	-0.066	0.401
A	-0.355	-0.245	0.468	-0.066	-0.025
U	1.452	0.741	0.510	0.712	-1.130
U	2.910	1.066	0.499	0.924	-2.403
U	2.690	1.028	0.464	0.882	-2.115
A	0.277	-0.074	0.350	0.573	-0.383
U	1.182	0.670	0.507	0.577	-0.907
A	-0.382	-0.151	0.409	-0.103	-0.084
A	-0.369	0.029	0.340	0.331	0.160
C	-0.507	-0.584	0.313	-0.369	-0.173
A	-0.387	-0.186	0.390	0.172	0.120
G	-0.334	0.236	0.521	0.106	0.289
G	-0.366	-0.661	0.441	-0.597	-0.104
G	-0.143	0.598	0.145	0.378	-0.043
C	-0.737	0.233	-0.571	0.207	-0.070
U	0.795	0.420	0.216	0.072	0.004
U	3.760	0.826	-0.048	0.934	-1.982
A	1.211	-1.767	-0.495	3.492	0.169
G	1.109	0.719	0.059	0.235	-0.308
G	-0.158	-0.121	0.369	-0.267	0.174
A	-0.296	-0.269	0.226	0.411	0.058
A	-0.416	-0.456	0.069	-0.066	-0.302
A	-0.283	-1.505	0.252	0.165	-0.024
G	-0.457	-1.358	0.499	-1.052	-0.543
U	-0.334	0.010	0.551	-0.008	0.102
G	-0.411	0.061	0.551	0.018	0.155
A	-0.492	0.164	0.136	0.367	0.134
C	-0.428	-0.116	0.444	-0.152	0.101
A	-0.310	-0.530	0.353	0.513	0.291
G	-0.412	-2.067	0.406	-1.631	-0.866
C	-0.609	0.167	0.045	0.065	0.030
G	-0.261	0.402	0.432	0.162	0.456
U	0.923	0.183	0.380	0.165	-0.635
C	-2.778	1.030	-5.561	0.520	-2.122
U	-0.070	-0.395	0.271	-0.459	0.258
G	0.090	0.088	0.173	-0.244	0.336
A	-0.357	-0.071	0.441	0.462	0.349
G	-0.052	-0.278	0.163	-0.534	0.307
C	-0.508	0.320	-0.268	0.165	0.196
G	-0.163	0.414	0.066	0.063	0.394
U	0.399	-0.092	0.282	-0.128	-0.038
U	0.272	0.344	0.508	0.307	-0.186
C	-0.615	0.576	-0.085	0.376	0.216
A	-0.997	0.637	-1.883	0.442	-1.100
C	-0.974	0.414	-1.128	0.314	-0.263
U	0.008	0.324	0.247	0.125	0.704
G	0.193	-0.007	0.038	-0.466	0.573
U	-0.245	0.349	0.502	0.189	0.334
G	-0.166	0.089	0.346	-0.119	0.295
G	-0.283	0.369	0.521	0.221	0.267
C	-0.406	0.181	0.530	0.113	0.281
C	-0.341	0.240	0.445	0.124	0.366
U	-0.204	0.195	0.483	0.243	0.284
G	-0.350	0.291	0.505	0.134	0.359
U	0.525	0.342	0.116	-0.020	0.482
C	-0.354	0.233	0.440	0.124	0.351
C	-0.423	0.388	0.541	0.261	0.361
A	-0.423	-0.186	0.440	-0.142	-0.036
U	0.338	0.526	0.561	0.410	-0.283
U	0.046	0.097	0.489	0.026	-0.083
G	-0.217	-1.254	0.296	-1.160	-0.267
C	-0.304	0.408	0.124	0.119	0.437
U	-0.276	0.386	0.544	0.235	0.287
A	-0.285	-0.078	0.366	0.918	0.552
G	-0.405	-0.069	0.496	-0.102	0.106
C	-0.466	-0.079	0.367	0.077	0.133
C	-0.421	0.393	0.562	0.259	0.363
C	-0.427	0.399	0.416	0.240	0.349
U	0.111	0.448	0.554	0.324	-0.088
A	-0.291	0.497	0.427	0.372	0.143
A	-3.109	1.055	-6.704	0.652	-2.914
C	-0.924	0.593	-1.069	0.301	-0.165
A	-0.388	0.211	-1.084	0.943	-0.655
U	1.540	-0.820	-0.182	2.182	0.183
A	-0.154	0.037	0.414	0.564	0.160
G	-0.249	0.284	0.391	0.096	0.274
G	-0.371	-3.207	0.397	-2.449	-1.596
A	0.059	-0.767	-0.321	0.120	-1.039
C	-1.632	0.707	-3.036	0.499	-0.902
C	-1.230	0.692	-2.604	0.600	-0.434
G	0.201	0.318	-0.378	-0.349	0.751
C	-2.956	0.965	-7.207	0.441	-2.410
U	0.970	0.308	-0.354	-0.480	1.106
G	1.010	0.410	-0.587	-0.747	1.481
U	-0.202	-0.017	0.539	-0.042	-0.024
G	-0.383	0.013	0.522	-0.054	0.198
U	-0.148	0.280	0.574	0.228	0.029
G	-0.276	-0.721	0.526	-0.566	-0.377
C	-0.414	0.364	0.561	0.252	0.362
C	-0.405	0.100	0.546	0.025	0.236
A	-0.148	0.349	0.577	0.265	0.043
G	-0.275	0.268	0.439	0.056	0.424
G	-0.442	-0.265	0.554	-0.229	0.029
G	-0.355	0.283	0.546	0.163	0.283
C	-0.550	0.002	0.212	-0.048	0.024
U	-0.386	0.203	0.554	0.128	0.267
G	-0.364	0.141	0.515	0.031	0.275
U	-0.245	0.226	0.495	0.177	0.296
C	-0.448	3.516e-004	0.489	-0.032	0.146
C	-0.416	0.286	0.521	0.258	0.340
U	4.682	0.928	-3.255	-2.843	4.460
C	0.712	0.456	-0.903	-0.649	1.272
C	-0.504	-1.755	0.308	-1.375	-0.764
A	-0.394	-0.874	0.453	-0.482	-0.266
U	0.252	-0.965	0.533	-0.663	-1.052
G	-0.291	0.351	0.517	0.213	0.240
C	-1.263	0.815	-1.635	0.490	-0.433
U	1.500	0.311	0.417	0.206	-1.255
C	-0.496	0.228	0.340	0.156	0.203
A	0.043	0.137	-0.116	0.908	-0.292
A	0.141	0.047	0.172	0.773	-0.242
U	0.340	0.473	0.453	0.500	-0.011
A	1.174	0.547	-0.195	0.949	-1.680
C	-0.976	0.533	-0.820	0.313	-0.223
A	-0.042	0.187	-0.218	0.373	-0.708
C	-0.520	0.491	0.229	0.350	0.299
G	0.987	0.663	-0.022	0.120	-0.072
U	1.040	0.341	0.225	0.663	-0.170
U	1.025	0.566	0.456	0.735	-0.627
A	0.428	-2.817	-0.491	3.514	1.184
G	-0.385	0.305	0.202	0.131	0.155
C	-1.054	0.006	-1.521	0.691	-0.361
U	2.706	1.001	0.537	0.972	-2.310
U	1.727	0.532	0.548	0.963	-1.545
G	-0.281	0.402	0.343	0.230	0.167
U	0.295	0.359	0.544	0.362	-0.281
C	-0.713	0.560	-0.203	0.446	0.124
A	-1.404	0.573	-3.100	0.475	-1.707
C	-1.406	0.967	-1.996	0.610	-0.524
C	-0.562	0.329	0.017	0.218	0.166
A	-0.627	0.387	-0.355	0.352	-0.187
A	-0.943	0.061	-0.948	0.122	-0.513
A	-0.846	0.591	-1.331	0.611	-0.636
C	-0.969	0.561	-0.935	0.569	-0.139
A	-0.269	-0.462	-0.688	1.051	-0.293
U	0.350	0.373	0.563	0.354	-0.382
A	-0.490	0.838	-1.664	0.625	-1.364
C	-0.658	0.503	-0.105	0.327	0.136
C	-0.321	0.275	0.417	0.204	0.419
C	-1.009	0.507	-0.969	0.335	-0.264
G	0.078	0.415	0.206	-0.028	0.634
U	0.295	0.590	0.598	0.489	-0.285
G	-0.356	-0.089	0.502	-0.125	0.086
C	-0.567	0.456	0.164	0.302	0.224
C	-0.539	0.436	0.086	0.303	0.245
G	0.652	0.382	-0.348	-0.521	1.169
C	-1.191	0.725	-1.854	0.392	-0.417
U	-0.328	0.191	0.524	0.165	0.288
G	-0.248	0.056	0.344	-0.120	0.266
C	-1.159	0.565	-2.038	0.440	-0.418
U	-0.043	0.523	0.524	0.408	0.202
U	1.894	0.650	0.583	0.626	-1.834
U	0.422	0.509	0.343	0.185	0.132
C	-0.522	0.394	0.106	0.196	0.223
C	-0.435	0.015	0.564	-0.019	0.171
C	-0.395	0.442	0.558	0.291	0.413
A	-0.410	0.134	0.533	0.171	0.251
G	-0.420	0.325	0.563	0.211	0.318
U	-0.311	0.056	0.519	0.012	0.186
C	-1.023	0.416	-1.116	0.245	-0.334
U	-0.123	0.129	0.455	0.246	0.244
G	-0.366	0.183	0.447	0.050	0.273
A	-0.348	0.248	0.445	0.592	0.418
U	3.624	0.595	0.669	0.780	-3.823
G	-0.195	0.391	0.485	0.185	0.347
A	-0.401	0.296	0.338	0.582	0.370
G	-0.281	0.341	0.379	0.203	0.106
C	-0.439	0.112	0.326	0.184	0.241
A	0.540	-0.064	-0.045	0.279	-1.279
A	0.869	0.603	-0.092	0.890	-1.283
A	-0.192	0.051	0.078	0.899	0.156
G	-0.421	0.463	0.383	0.270	0.364
G	-0.341	0.348	0.495	0.170	0.394
A	-0.443	-0.351	0.469	-0.268	-0.071
A	-0.424	0.078	0.461	0.037	0.102
C	-0.458	0.225	0.414	0.114	0.234
U	0.118	0.420	0.454	0.277	0.139
U	0.642	0.309	0.532	0.357	-0.631
G	-0.290	0.256	0.465	0.088	0.322
A	-0.354	0.250	0.536	0.280	0.264
U	0.674	-0.583	0.455	-0.002	-0.959
G	-0.357	0.355	0.532	0.206	0.345
C	-0.469	0.040	-0.354	0.032	0.123
U	1.068	0.499	0.097	0.143	0.082
C	0.279	0.259	-0.083	-0.306	0.888
A	-0.093	-0.358	0.268	1.139	0.434
G	0.422	0.558	0.521	0.402	-0.344
A	-0.425	-0.031	0.530	0.054	0.189
G	-0.197	0.311	0.427	0.079	0.401
A	-0.406	-0.067	0.531	0.020	0.144
G	-0.301	0.220	0.481	0.058	0.340
G	-0.278	-0.006	0.511	-0.031	-0.030
A	-0.363	0.052	-0.221	0.398	-0.308
C	-0.438	0.471	0.372	0.329	0.380
A	2.123	0.730	0.602	0.905	-2.104
A	-0.241	-0.476	0.330	0.904	0.490
G	-0.375	0.441	0.564	0.293	0.358
U	-0.210	-0.445	0.409	-0.345	0.053
C	0.664	0.327	-0.698	-0.669	1.190
A	1.759	0.929	0.058	0.947	-2.160
U	0.795	0.701	0.576	0.625	-0.662
U	2.122	-1.155	0.554	-0.663	-3.117
U	1.513	0.747	0.591	0.894	-1.354
G	-0.376	0.432	0.391	0.273	0.236
C	-0.518	0.390	0.224	0.352	0.275
C	-0.438	-0.359	0.538	-0.296	-0.011
C	-0.429	-0.281	0.346	-0.301	0.011
A	1.668	-0.134	0.015	0.347	-2.475
A	-0.294	-0.124	0.484	0.328	0.214
G	-0.401	0.309	0.557	0.201	0.285
G	-0.365	0.075	0.493	0.019	0.099
U	-0.217	0.300	0.494	0.199	0.307
C	-0.449	0.470	0.384	0.306	0.361
A	-0.531	0.605	-0.673	0.456	-0.524
C	-0.948	0.275	-0.862	0.134	-0.314
A	0.197	0.506	-0.662	0.827	-1.063
C	-0.380	0.332	0.269	0.257	0.381
A	-0.322	-0.133	0.166	0.788	0.316
G	-0.131	0.410	0.298	0.057	0.594
C	-0.751	-0.556	-0.801	0.109	-0.327
U	-0.250	-0.903	0.386	-0.828	-0.171
G	0.613	-0.188	-0.301	-0.919	0.866
G	-0.338	0.432	0.413	0.220	0.401
C	-0.519	-0.067	0.120	-0.140	0.010
A	-0.991	0.491	-1.002	0.311	-0.394
A	-0.769	0.179	-0.794	0.733	-0.109
C	-3.622	1.846	-9.300	0.698	-2.888
U	-0.155	-0.183	0.381	0.053	0.278
G	0.088	0.306	-0.071	-0.003	-0.043
G	0.007	0.484	0.158	0.035	0.642
C	0.660	0.223	-0.538	-0.634	1.173
A	-0.051	-1.019	0.132	1.708	0.759
G	-0.384	0.396	0.552	0.243	0.384
A	-0.458	-1.037	0.505	-0.783	-0.366
G	-0.370	0.443	0.429	0.257	0.349
C	-0.436	-0.115	0.469	-0.043	0.125
C	-0.380	0.158	0.502	0.064	0.288
A	-0.353	0.214	0.491	0.436	0.347
G	-0.377	-0.257	0.482	-0.276	0.085
G	-0.398	-0.277	0.491	-0.278	0.056
A	-0.235	-0.854	0.286	-0.469	-0.595
U	0.820	0.601	0.405	0.356	-0.356
U	1.171	0.725	0.450	0.489	-0.744
C	-0.870	0.665	-0.551	0.427	-0.034
A	-0.454	-0.494	0.368	-0.359	-0.210
C	-0.563	0.525	0.211	0.363	0.265
G	-0.405	-0.935	0.405	-0.750	-0.415
C	-0.580	0.284	0.134	0.188	0.130
C	-0.445	-0.367	0.537	-0.309	-0.025
C	-0.453	-0.740	0.458	-0.587	-0.213
U	-0.092	-0.559	0.435	-0.475	-0.218
G	-0.094	0.365	0.229	-0.002	0.557
G	-0.335	0.465	0.345	0.276	0.243
C	-0.412	0.139	0.313	0.019	0.229
A	-0.338	0.033	0.247	0.400	0.093
A	-0.071	-0.190	0.324	0.643	0.061
U	0.595	0.521	0.340	0.381	0.011
U	0.954	0.377	0.479	0.442	-0.768
U	0.662	0.291	0.522	0.366	-0.633
G	-0.358	0.280	0.527	0.152	0.294
A	-0.390	0.207	0.495	0.163	0.182
C	-0.346	0.307	0.392	0.121	0.375
U	0.293	-0.030	0.325	-0.224	-0.034
C	-0.398	-0.025	0.453	-0.097	0.173
C	-0.375	0.407	0.526	0.296	0.425
A	0.113	-1.229	0.003	2.174	0.828
G	-0.415	0.339	0.568	0.217	0.344
A	-0.380	-1.442	0.414	-0.553	-0.327
A	-0.331	0.216	0.517	0.211	0.169
U	0.269	0.496	0.168	0.051	0.699
C	-0.453	0.164	0.321	0.041	0.199
C	-0.525	0.402	0.139	0.213	0.228
U	0.591	0.536	0.496	0.416	-0.369
A	-0.257	0.513	0.248	0.383	-0.051
A	-2.809	1.471	-5.719	0.840	-2.252
C	-0.758	0.383	-0.619	0.127	-0.077
C	-0.459	0.394	-0.232	0.108	0.252
U	0.759	0.267	0.435	0.126	-0.577
U	2.343	1.068	0.569	0.917	-2.001
A	-0.115	0.510	0.358	0.394	-0.108
A	-0.935	0.218	-0.862	0.096	-0.477
C	-1.759	1.008	-2.949	0.551	-0.940
C	-0.267	0.357	0.338	0.114	0.468
C	-0.268	0.282	0.315	0.502	0.559
A	0.001	-1.066	0.093	1.860	0.784
G	-0.387	0.253	0.545	0.139	0.298
A	-0.262	-1.188	0.432	-0.581	-0.490
A	-0.279	-0.097	0.358	0.667	0.344
G	-0.380	0.379	0.459	0.230	0.286
C	-0.734	0.133	-0.533	0.404	-0.035
A	-0.456	-0.172	0.007	0.012	-0.274
C	-0.612	0.068	-0.335	-0.045	-0.044
G	0.562	0.323	-1.074	-0.644	0.789
G	0.301	0.398	-0.312	-0.211	0.514
C	-0.185	0.051	-0.654	0.134	0.447
U	1.126	0.297	0.051	-0.069	-0.001
U	3.366	0.359	-0.601	-0.602	-0.730
C	-0.463	0.507	-0.237	0.349	0.346
A	-0.033	0.332	0.052	0.613	-0.297
A	-0.159	-0.270	0.072	0.933	0.166
G	-0.338	0.360	0.479	0.178	0.387
C	-0.459	-0.475	0.005	0.433	0.127
C	0.197	0.083	-0.168	-0.464	0.706
C	-0.441	0.443	0.454	0.279	0.358
C	-0.588	-0.353	-0.048	-0.323	-0.198
U	0.594	-0.114	-0.147	0.297	0.952
G	-0.156	0.156	0.248	-0.130	0.431
G	-0.074	0.362	0.335	0.043	0.488
A	-0.418	0.202	0.481	0.156	0.196
A	-0.397	-0.132	0.408	-0.074	-0.046
A	-0.442	0.344	0.329	0.294	0.181
C	-0.492	-0.156	0.008	-0.190	-0.004
C	-0.670	0.550	-0.182	0.357	0.142
A	-0.423	0.514	-0.455	0.492	-0.416
C	-0.420	0.356	0.238	0.355	0.371
A	-0.012	-1.343	-0.172	1.773	0.511
A	0.043	-0.259	-0.932	1.126	-0.836
U	0.166	0.026	0.443	0.139	-0.094
A	-0.717	0.479	-0.963	0.701	-0.372
C	-0.606	-0.174	-0.191	0.080	-0.060
C	-1.043	0.631	-1.374	0.330	-0.285
U	0.897	0.027	-0.343	-0.516	1.017
G	1.722	0.565	-1.302	-0.989	1.484
U	2.024	0.265	-1.097	-0.580	1.885
G	1.179	0.304	-0.962	-0.971	1.412
G	0.175	0.460	-0.009	-0.052	0.563
C	-0.390	0.486	-1.111	-0.053	0.272
A	-0.523	-0.290	-0.061	0.424	0.072
G	-0.384	0.425	0.349	0.243	0.279
C	-0.460	0.001	0.243	0.047	0.148
C	-0.367	0.205	0.459	0.170	0.343
A	0.341	0.535	0.519	0.577	-0.350
G	0.101	0.457	0.170	0.026	0.525
G	-0.324	-0.671	0.406	-0.623	-0.116
G	-0.278	-0.860	0.339	-0.810	-0.157
G	-0.352	-0.453	0.467	-0.424	-0.043
G	0.206	0.403	0.192	-0.038	0.514
A	-0.390	-0.410	0.430	-0.055	0.002
G	-0.395	0.241	0.490	0.120	0.279
G	-0.382	-0.118	0.535	-0.129	0.068
U	0.003	0.104	0.547	0.105	-0.166
G	-0.365	-0.537	0.479	-0.477	-0.094
C	-0.604	-0.839	0.019	-0.655	-0.435
U	-0.354	-2.150	0.393	-1.638	-0.839
G	-0.405	-5.468	0.185	-4.272	-2.468
G	-0.225	-1.177	0.406	-1.002	-0.448
A	-0.388	-0.972	0.482	-0.711	-0.417
A	-0.299	-1.005	0.471	-0.657	-0.486
U	-0.127	0.255	0.372	0.345	0.541
C	-0.401	0.477	-0.270	0.120	0.337
U	0.078	0.533	0.329	0.200	0.534
C	-0.402	-0.634	-0.475	-0.780	-0.220
A	-0.338	-4.500e-004	0.194	0.157	-0.142
U	1.301	-0.309	0.066	-0.598	-0.620
U	4.164	1.225	-0.319	0.277	-1.674
U	7.007	1.848	-1.243	0.025	-2.002
C	-0.062	0.646	-0.722	-0.015	0.687
A	0.358	0.578	-1.318	1.076	-1.660
C	-0.950	0.321	-1.037	0.246	-0.279
A	1.985	0.350	-0.221	1.797	-1.969
U	2.107	-0.196	-0.087	1.591	-0.497
G	0.641	0.401	0.205	0.095	-0.271
U	1.021	0.290	0.226	0.617	-0.185
G	1.949	0.442	-1.258	-0.971	0.917
G	0.357	0.563	-0.831	-0.193	0.410
G	1.115	0.457	-1.025	-0.748	1.126
G	0.897	0.501	-0.619	-0.420	0.736
A	-0.029	-0.950	0.042	1.775	0.696
G	-0.017	0.585	-0.029	0.073	0.656
G	0.564	0.305	-0.281	-0.513	1.048
G	0.600	0.220	-0.219	-0.509	0.816
G	-0.174	0.374	0.332	0.185	0.131
G	0.286	0.654	0.281	0.422	-0.239
C	-0.588	-0.282	-0.230	-0.306	-0.181
U	-0.094	0.202	0.438	0.019	0.238
C	-0.767	-1.118	-0.542	-0.982	-0.796
C	-0.431	-0.263	0.499	-0.247	0.034
C	-0.361	0.053	0.468	0.005	0.262
C	-0.433	0.339	-2.033	-0.191	0.115
U	1.156	-2.945	-0.778	-0.277	0.565
G	0.151	-0.386	0.114	-0.671	0.228
U	-0.226	-0.706	0.499	-0.477	-0.311
G	-0.430	-1.255	0.452	-1.005	-0.459
C	-0.593	-4.031	0.083	-3.046	-1.944
U	-0.055	0.022	0.396	-0.129	0.190
C	-0.515	0.346	-0.063	0.190	0.210
A	1.110	-0.590	-0.225	0.597	-1.815
A	-0.225	-0.560	0.230	0.679	0.212
G	-0.449	0.354	0.339	0.199	0.254
G	-0.351	0.143	0.192	-0.007	0.090
U	-0.046	0.340	0.471	0.247	0.221
C	-0.715	0.472	-0.217	0.331	0.065
A	-1.767	0.787	-3.691	0.433	-1.875
C	-0.606	0.508	0.082	0.360	0.209
A	-0.566	0.716	-1.431	0.503	-1.147
A	-2.222	1.743	-5.980	1.116	-2.980
C	-2.915	1.362	-5.815	0.823	-2.102
C	-0.785	0.026	-0.617	-0.012	-0.239
A	0.652	0.407	-0.782	0.757	-1.747
A	0.352	-1.709	-0.198	-0.799	-1.905
A	-0.337	-1.260	0.167	-0.056	-0.230
G	-0.342	0.385	0.375	0.209	0.263
A	-0.438	0.308	0.356	0.334	0.235
G	-0.395	0.336	0.348	0.148	0.337
G	-0.358	0.080	0.534	0.007	0.187
A	-0.274	0.121	0.536	0.150	0.080
A	-0.346	0.044	0.446	0.496	0.358
G	-0.448	-0.520	0.488	-0.427	-0.133
C	-0.637	0.256	-0.119	0.356	0.102
U	-0.229	-2.012e-004	0.478	0.079	0.196
G	-0.174	-0.187	0.322	-0.325	0.138
U	0.379	0.155	0.546	0.113	-0.526
G	-0.361	-0.060	0.490	-0.112	0.127
A	-0.349	0.134	0.463	0.487	0.362
U	2.369	0.798	0.507	0.760	-2.029
U	2.097	-0.142	0.298	-0.211	-1.866
A	0.924	0.484	0.380	0.479	-1.226
A	-0.280	0.150	0.488	0.197	0.078
A	-0.379	-0.017	0.373	0.045	-0.016
A	0.657	0.673	-0.460	0.882	-1.384
C	-0.649	0.547	-0.451	0.313	0.141
C	-0.259	-0.035	0.225	-0.225	0.273
C	-0.358	0.341	0.503	0.190	0.396
A	-0.372	0.196	0.542	0.224	0.251
G	-0.405	0.203	0.552	0.104	0.287
G	-0.422	-0.167	0.555	-0.157	0.067
U	0.035	0.214	0.313	-0.011	0.425
C	-0.436	0.329	0.505	0.232	0.322
C	-0.431	-0.062	0.556	-0.062	0.142
C	-0.365	0.352	0.437	0.186	0.387
A	-0.368	0.172	0.430	0.188	0.118
U	-0.162	0.497	0.535	0.350	0.272
U	4.014	0.716	0.610	0.993	-3.967
U	0.139	0.068	0.477	0.385	-0.079
G	-0.304	0.170	0.440	0.039	0.217
C	-0.466	-0.400	0.417	-0.325	-0.064
A	0.072	-0.619	0.271	-0.297	-0.850
A	-0.269	0.111	0.318	0.501	0.151
A	-0.311	-0.264	0.214	0.705	0.293
G	-0.370	0.391	0.496	0.239	0.321
C	-0.445	-0.138	0.417	-0.004	0.119
C	1.104	0.398	-0.849	-0.781	1.639
U	2.685	0.549	0.258	0.477	-1.895
C	-1.873	0.680	-3.211	0.450	-1.186
G	-0.342	0.430	0.379	0.243	0.286
A	-0.071	0.060	0.174	0.276	-0.382
C	-0.431	0.521	-0.338	0.256	0.354
U	-0.135	0.423	0.466	0.211	0.355
U	0.109	-0.114	0.540	-0.072	-0.398
U	1.865	-0.025	0.488	0.115	-1.988
U	1.721	0.628	0.343	0.475	-1.084
A	-0.253	-0.790	-0.539	1.420	0.139
G	-0.319	0.064	0.421	-0.071	0.258
C	0.475	0.398	-2.098	-0.728	0.940
A	-0.422	0.061	0.349	0.369	0.257
G	-0.012	0.136	0.222	-0.228	0.551
G	-0.402	0.085	0.500	0.013	0.187
U	-0.249	0.172	0.559	0.108	0.095
G	-0.352	0.209	0.526	0.090	0.282
C	-0.455	0.281	0.467	0.177	0.271
A	-0.432	0.029	0.391	0.107	0.106
U	0.441	0.504	0.277	0.165	0.273
C	-0.328	0.038	0.332	-0.097	0.259
A	-0.334	-0.723	0.409	-0.498	-0.401
U	1.004	0.700	0.555	0.567	-0.836
A	-0.332	-0.088	0.183	-0.009	-0.280
C	-1.227	-0.410	-1.842	-0.508	-1.010
U	-0.125	-0.141	0.436	-0.164	0.077
G	0.470	0.211	0.020	-0.316	0.484
U	1.393	0.298	-0.106	-0.342	0.062
U	0.810	0.767	0.550	0.647	-0.575
C	-0.438	0.421	0.493	0.281	0.357
C	-0.456	-0.394	0.491	-0.317	-0.047
C	-0.602	0.565	-0.167	0.335	0.213
A	-1.034	0.852	-1.905	0.543	-1.017
C	-0.756	0.677	-1.016	0.257	0.024
C	-0.406	0.527	0.294	0.311	0.421
C	-0.473	-0.055	0.389	-0.068	0.092
C	-0.484	0.521	0.184	0.320	0.335
U	0.315	0.602	0.253	0.173	0.511
C	-0.403	0.440	0.351	0.240	0.383
C	-0.390	0.042	0.491	0.006	0.230
C	-0.407	0.331	0.444	0.193	0.340
A	-0.348	0.247	0.423	0.210	0.100
U	2.891	0.583	-1.557	-1.426	2.121
C	-0.395	0.470	0.445	0.274	0.412
C	-0.461	-0.082	0.451	-0.098	0.090
C	-0.532	0.385	0.246	0.230	0.224
A	-1.475	0.872	-2.440	0.516	-1.015
C	-0.562	0.487	0.191	0.309	0.240
U	0.601	0.635	0.439	0.409	-0.192
U	0.564	-0.117	0.243	-0.315	-0.162
C	-0.851	0.557	-0.805	0.335	-0.077
U	-0.071	0.276	0.453	0.422	0.304
G	-0.374	-0.036	0.472	-0.101	0.152
U	0.073	-0.060	0.497	-0.022	-0.213
C	-0.397	0.199	0.501	0.102	0.292
C	-0.396	0.340	0.540	0.219	0.364
A	-0.332	0.252	0.356	0.303	0.092
G	0.125	0.316	0.017	-0.219	0.753
C	0.201	-0.189	-0.150	-0.357	0.671
C	-0.906	0.524	-1.059	0.293	-0.166
G	-0.153	0.136	-0.149	-0.237	0.344
C	-0.774	0.400	-0.718	0.236	-0.062
C	0.025	0.361	-0.339	0.019	0.729
U	3.607	0.694	0.016	0.260	-2.205
A	-0.222	-0.350	0.307	0.808	0.360
G	-0.201	0.514	0.450	0.346	0.152
C	-0.465	-0.109	0.361	0.059	0.121
C	-0.451	-0.368	0.427	-0.325	-0.040
C	-0.506	0.017	0.321	-0.024	0.085
C	-0.502	0.358	0.364	0.252	0.260
A	-0.397	0.723	-0.573	0.504	-0.560
C	-0.466	0.306	0.428	0.192	0.269
U	-0.148	0.252	0.492	0.096	0.196
U	2.457	1.001	0.639	0.954	-2.320
U	0.012	0.497	0.372	0.179	0.471
C	-1.019	0.633	-0.924	0.376	-0.229
U	-0.335	0.518	0.557	0.347	0.403
U	0.635	-0.333	0.560	-0.196	-1.117
U	1.048	-0.162	0.594	-0.024	-1.514
U	1.112	0.830	0.619	0.711	-1.018
U	2.423	1.141	0.663	1.075	-2.252
U	2.801	1.164	0.674	1.136	-2.647
U	0.875	0.286	0.580	0.280	-1.024
U	-0.077	0.502	0.502	0.297	0.257
C	-1.356	0.787	-1.747	0.468	-0.551
U	0.004	0.622	0.506	0.382	0.240
U	1.026	0.185	0.586	0.223	-1.253
U	1.797	0.762	0.628	0.770	-1.765
U	3.766	1.505	0.658	1.479	-3.362
U	1.345	0.860	0.471	0.731	-0.860
U	0.888	-0.426	0.287	-0.338	-0.755
U	0.890	0.205	-0.063	0.139	0.540
G	0.284	0.533	-0.675	-0.240	0.682
A	-0.206	-0.215	0.212	1.058	0.441
G	-0.076	0.598	0.401	0.414	0.028
A	-0.447	0.306	0.185	0.299	0.062
C	-0.482	0.269	0.313	0.188	0.238
A	0.168	-1.859	-0.165	2.567	0.969
G	-0.362	0.480	0.544	0.324	0.342
U	-0.075	0.332	0.390	0.119	0.425
C	-0.574	0.550	-1.691	0.074	0.109
U	3.414	0.766	-1.431	-1.205	1.396
C	1.733	0.753	-2.815	-1.454	2.136
C	0.003	0.514	-0.461	-0.122	0.700
C	-0.235	0.389	-0.826	-0.177	0.386
U	1.887	0.284	-0.985	-1.162	1.611
C	-0.654	0.574	-1.382	0.060	0.037
U	1.244	0.427	0.080	-0.062	-0.135
U	1.351	0.186	-0.092	-0.368	0.015
G	0.643	-0.214	-0.467	-0.984	0.822
C	-0.877	0.559	-1.934	0.278	-0.162
U	0.466	0.415	-0.064	-0.240	0.985
G	0.683	0.471	-0.464	-0.503	1.239
A	-0.416	0.390	0.558	0.341	0.392
G	-0.356	0.504	0.506	0.294	0.471
G	-0.371	0.096	0.510	0.007	0.224
C	-0.483	0.348	0.291	0.197	0.259
U	0.041	0.266	0.211	-0.036	0.698
G	0.792	0.208	-0.481	-0.773	1.245
G	0.357	0.412	0.035	-0.192	0.777
A	-0.367	0.158	0.477	0.491	0.397
G	-0.387	0.300	0.522	0.172	0.309
U	-0.332	0.251	0.536	0.199	0.295
G	-0.316	-0.277	0.484	-0.300	0.056
C	-0.389	0.180	0.507	0.076	0.288
A	0.326	-2.791	-0.381	3.134	1.105
G	-0.443	-1.065	0.495	-0.844	-0.374
U	-0.378	0.330	0.551	0.268	0.355
G	-0.413	0.024	0.512	-0.034	0.178
G	-0.415	-1.073	0.373	-0.888	-0.389
C	-0.626	0.111	-0.183	0.097	-0.002
G	1.057	-0.008	-0.942	-1.166	1.248
A	-0.241	-0.997	0.236	0.629	0.233
G	-0.372	0.296	0.553	0.191	0.249
A	-0.429	0.099	0.512	0.075	0.183
U	0.485	0.378	0.533	0.309	-0.452
C	-0.637	-0.275	-0.640	-0.422	-0.280
U	0.933	0.579	0.053	0.029	0.342
C	-0.825	0.170	-0.769	-0.001	-0.247
G	-0.021	-0.003	-0.328	-0.434	0.307
G	-0.184	0.353	0.452	0.174	0.225
C	-0.416	-0.987	0.364	-0.820	-0.308
U	-0.087	0.545	0.472	0.305	0.366
C	-0.656	0.318	-0.071	0.216	0.060
A	-1.203	-0.229	-2.474	-0.262	-1.877
C	-1.307	0.516	-1.803	0.276	-0.626
U	-0.088	0.026	0.409	0.203	0.268
G	-0.242	0.302	0.406	0.075	0.406
U	-0.099	0.145	0.487	0.107	0.111
A	-0.294	0.181	0.454	0.273	0.120
A	-1.235	0.521	-2.071	0.450	-0.979
C	-0.492	-0.174	0.054	-0.184	-0.005
C	-0.272	0.283	-0.404	-0.024	0.378
U	0.588	0.460	0.060	0.128	0.650
C	-0.333	0.283	0.144	0.068	0.359
C	-0.430	-0.321	0.402	-0.246	0.017
G	-0.086	0.078	0.156	-0.147	0.109
C	-0.419	0.349	0.475	0.228	0.343
C	-0.082	0.246	0.267	-0.034	0.592
U	-0.125	0.439	0.502	0.311	0.282
C	-0.468	0.433	0.358	0.278	0.323
C	-0.357	-0.276	0.474	-0.302	0.092
C	-0.054	0.098	0.109	-0.096	0.559
G	1.947	0.627	-1.229	-1.073	1.834
G	-0.169	0.310	0.372	0.039	0.459
G	-0.482	-0.068	0.218	-0.104	-0.086
U	-0.009	0.108	0.432	0.654	0.271
U	0.660	0.246	0.345	0.047	-0.273
C	-0.495	0.337	0.259	0.289	0.269
A	0.209	0.481	-0.041	0.680	-0.623
A	-0.132	-0.858	0.176	1.414	0.650
G	-0.386	0.045	0.528	-0.008	0.151
C	-1.150	0.410	-1.291	0.261	-0.473
G	-0.399	-0.317	0.461	-0.308	0.008
A	-0.414	0.072	0.511	0.131	0.210
U	0.799	-1.309	0.428	-0.978	-1.576
U	0.651	0.251	0.237	-0.101	-0.019
C	-0.763	0.062	-0.849	-0.162	-0.258
U	1.442	0.824	0.025	0.145	0.031
C	-0.549	-0.053	0.180	-0.091	-0.003
C	-0.487	0.328	0.277	0.223	0.257
U	-0.234	0.010	0.512	0.088	0.121
G	-0.285	0.200	0.401	0.078	0.122
C	-0.492	0.324	0.298	0.245	0.258
C	-0.387	0.012	0.448	-0.050	0.208
U	1.186	0.738	0.286	0.336	-0.370
C	-0.432	0.289	0.475	0.188	0.302
A	-0.263	-0.118	0.260	0.806	0.346
G	-0.388	0.387	0.551	0.253	0.329
C	-0.379	-0.117	0.462	0.258	0.271
C	-0.401	0.444	0.424	0.313	0.409
U	-0.126	0.331	0.417	0.113	0.405
C	-0.501	0.230	0.302	0.128	0.190
C	-0.421	0.336	0.542	0.220	0.337
C	-0.279	0.327	0.292	0.110	0.445
A	0.651	0.585	0.337	0.668	-0.809
A	-0.409	0.159	0.482	0.322	0.318
G	-0.387	0.404	0.541	0.255	0.361
U	-0.301	-0.117	0.500	-0.133	0.111
A	-0.408	-0.662	0.423	-0.115	-0.010
G	0.150	0.479	-0.190	-0.166	0.845
C	-0.124	0.386	-1.028	-0.080	0.524
U	1.469	0.463	0.293	0.643	-0.734
A	0.563	-2.266	-0.347	3.238	0.899
G	-0.186	0.468	0.034	0.092	0.448
G	-0.011	0.070	0.186	-0.277	0.482
A	-0.408	-0.299	0.501	-0.027	0.100
U	2.775	0.309	0.385	0.800	-2.346
U	0.812	0.211	0.229	-0.084	-0.177
A	-0.312	0.069	0.545	0.160	0.145
C	-0.454	0.340	0.486	0.217	0.300
A	-0.387	-0.472	0.457	0.024	0.090
G	-0.372	0.287	0.523	0.151	0.329
G	-0.408	-0.039	0.538	-0.073	0.142
C	-0.496	0.047	0.390	-0.007	0.111
G	-0.423	-2.021	0.405	-1.600	-0.822
C	-0.460	0.226	0.451	0.133	0.239
C	-0.364	0.355	0.475	0.230	0.403
C	-0.443	-0.219	0.410	-0.154	0.057
G	-0.552	0.264	-0.336	0.066	-0.128
C	-0.422	0.236	0.308	0.110	0.270
C	-0.540	-0.024	0.216	-0.073	0.020
A	-0.881	-0.128	-0.758	-0.017	-0.505
C	-0.541	0.521	0.282	0.356	0.287
C	-0.461	0.021	0.468	-0.026	0.139
A	-0.374	-0.078	0.529	-0.038	0.060
C	-0.493	0.367	0.390	0.233	0.267
G	-0.442	0.264	0.422	0.148	0.232
C	-0.461	0.117	0.385	0.043	0.181
C	-0.295	0.203	0.404	0.156	0.413
U	-0.082	-0.098	0.350	0.328	0.387
G	-0.027	0.356	0.203	-0.063	0.655
G	-0.167	0.348	0.151	0.009	0.457
C	-0.397	0.045	-0.232	-0.115	0.163
U	-0.112	0.240	0.523	0.128	0.083
A	0.145	0.677	0.388	0.562	-0.265
A	-0.740	0.296	-0.459	0.171	-0.284
C	-0.913	0.697	-0.838	0.390	-0.092
U	0.071	0.352	0.483	0.188	0.060
U	2.733	1.199	0.602	1.082	-2.387
U	0.708	0.422	0.428	0.395	-0.373
U	1.854	0.338	0.401	1.174	-1.340
G	-0.183	-0.259	0.443	-0.280	-0.101
U	0.207	-0.261	0.374	-0.130	-0.155
A	-0.027	0.304	0.429	0.360	-0.155
U	0.250	0.366	0.496	0.277	-0.129
U	1.415	0.557	0.552	0.495	-1.333
U	2.050	0.926	0.489	0.766	-1.593
U	1.000	0.557	0.444	0.509	-0.626
U	6.180	1.384	0.566	1.817	-5.586
A	0.556	-2.659	-0.531	3.678	1.114
G	-0.240	0.280	0.457	0.113	0.261
U	0.282	0.436	0.162	0.107	0.687
A	-0.082	-0.887	0.204	1.250	0.493
G	-0.344	0.472	0.481	0.268	0.427
A	-0.385	0.347	0.513	0.452	0.405
G	-0.411	0.511	0.535	0.354	0.366
A	-0.436	-0.051	0.512	-0.031	0.120
U	0.421	0.369	0.573	0.347	-0.486
G	0.435	0.500	0.036	-0.120	0.738
G	-0.130	0.321	0.332	0.008	0.523
G	-0.386	0.297	0.501	0.153	0.344
G	-0.976	-0.227	-1.340	-0.273	-1.074
U	0.060	0.212	0.473	0.590	0.129
U	1.108	0.279	0.477	0.262	-1.006
U	0.747	0.214	0.384	0.032	-0.479
C	-1.071	0.712	-1.088	0.429	-0.254
A	-1.425	0.670	-2.451	0.398	-1.159
C	-0.561	0.568	-0.118	0.342	0.260
C	-0.469	0.277	0.254	0.186	0.251
A	-0.477	-2.306	0.222	-1.452	-1.020
U	-0.190	0.010	0.536	0.083	0.012
G	-0.264	-1.108	0.322	-0.884	-0.681
U	0.627	-0.168	0.414	0.752	-0.441
U	0.249	-0.110	0.386	-0.140	-0.162
G	-0.083	-0.018	0.246	-0.295	0.394
G	-0.379	0.433	0.391	0.284	0.202
C	-0.457	0.122	0.429	0.072	0.196
C	-0.415	0.098	0.536	0.035	0.228
A	-0.433	0.238	0.516	0.207	0.282
G	-0.405	0.315	0.558	0.191	0.341
G	-0.401	0.373	0.568	0.241	0.350
C	-0.446	-0.027	0.496	-0.062	0.133
U	-0.266	0.102	0.497	-0.013	0.210
G	-0.312	0.035	0.457	-0.092	0.269
G	-0.381	0.187	0.472	0.091	0.187
U	-0.138	0.253	0.483	0.096	0.210
C	-0.274	-0.675	0.172	-0.707	-0.051
U	0.904	0.344	0.437	0.205	-0.679
C	-0.566	0.399	-0.201	0.195	0.166
A	-0.365	0.031	0.076	0.286	-0.120
A	-0.507	-1.274	0.292	-0.970	-0.629
A	-0.450	-0.210	0.414	-0.080	0.022
C	-0.580	0.289	0.072	0.147	0.118
U	0.141	0.385	0.503	0.262	-0.030
C	-0.443	-0.663	0.525	-0.521	-0.161
C	-0.452	0.038	0.458	0.006	0.162
U	0.105	0.187	0.246	-0.062	0.501
G	-0.324	0.360	0.542	0.224	0.283
A	-0.415	0.230	0.045	0.436	0.011
C	-0.501	0.201	0.111	0.414	0.257
C	-0.207	0.426	-0.236	0.026	0.504
U	3.472	0.799	-0.550	-0.304	-0.699
U	2.669	0.922	0.569	0.957	-2.393
A	0.447	0.447	-0.271	0.873	-0.956
A	-0.075	-0.956	0.112	1.522	0.618
G	-0.334	0.301	0.489	0.196	0.159
U	-0.267	0.182	0.489	0.036	0.280
G	-0.363	0.334	0.550	0.198	0.329
A	-0.369	-0.055	0.520	0.132	0.176
U	0.295	0.358	0.452	0.308	-0.059
U	1.969	0.270	0.178	0.063	-1.175
C	-0.569	0.512	-0.355	0.226	0.195
G	-0.288	0.527	-0.057	0.238	0.136
C	-0.482	0.274	0.322	0.180	0.237
C	-0.425	0.070	0.464	2.279e-004	0.198
C	-0.485	0.090	0.359	0.035	0.145
A	-0.498	0.257	-0.690	0.153	-0.785
C	-1.425	0.802	-2.115	0.437	-0.641
U	-0.105	0.028	0.322	-0.164	0.425
G	0.295	0.427	-0.080	-0.202	0.793
U	0.726	0.332	-0.292	-0.337	1.244
G	0.197	0.432	-0.041	-0.181	0.859
G	-0.261	0.391	0.557	0.260	0.219
C	-0.305	-0.131	0.405	0.208	0.330
C	-0.269	0.426	0.305	0.155	0.495
U	1.675	0.440	-0.592	-0.695	1.004
C	-0.392	0.436	-0.039	0.165	0.358
C	-0.395	0.485	0.459	0.313	0.428
C	-0.374	-0.031	0.219	-0.083	0.192
A	-0.142	0.604	-0.298	0.657	-0.477
A	-0.209	0.128	0.063	0.416	-0.220
A	-0.434	-0.124	0.519	-0.029	0.131
G	-0.440	0.074	0.549	0.024	0.192
U	-0.424	-0.488	0.526	-0.398	-0.060
G	-0.265	0.367	0.417	0.120	0.479
C	-0.311	0.437	0.276	0.178	0.459
U	-0.002	0.274	0.284	-0.061	0.552
G	0.501	0.292	-0.213	-0.477	1.006
G	0.178	0.108	0.069	-0.354	0.583
G	-0.070	0.259	-0.124	-0.173	0.453
A	-0.416	0.289	0.427	0.293	0.244
U	5.826	1.306	-0.024	0.842	-3.971
U	2.151	0.442	0.281	0.247	-1.507
A	-0.270	-0.194	0.523	-0.083	-0.091
C	-0.449	0.164	0.506	0.102	0.227
A	-0.394	0.205	0.543	0.287	0.326
G	-0.411	0.083	0.553	0.024	0.201
G	-0.413	0.165	0.550	0.082	0.249
C	-0.486	0.202	0.419	0.137	0.204
G	-0.227	-2.757	0.067	-2.299	-1.181
U	0.339	0.311	0.199	-0.074	0.434
G	0.225	0.380	-0.031	-0.215	0.802
A	0.216	-2.023	-0.203	2.688	0.986
G	2.395	0.124	-1.882	-1.769	1.655
C	2.129	0.459	-1.845	-1.621	2.468
U	1.180	0.733	0.283	0.329	-0.361
A	0.027	-1.424	-0.019	-0.977	-1.525
C	-0.878	0.697	-0.772	0.446	-0.037
C	-0.477	0.174	0.343	0.157	0.211
G	-0.272	0.408	0.297	0.183	0.283
C	-1.274	0.525	-1.701	0.330	-0.569
C	-0.949	0.702	-0.824	0.588	-0.072
C	-0.459	-0.456	0.471	-0.353	-0.078
C	-0.423	0.402	0.554	0.305	0.378
C	-0.381	0.209	0.469	0.206	0.340
A	-0.242	-0.445	0.087	1.034	0.367
G	-0.372	0.456	0.515	0.304	0.319
C	-0.428	-0.352	0.119	0.384	0.182
C	-0.388	0.377	0.424	0.251	0.388
C	-0.452	-0.160	0.495	-0.135	0.071
C	-0.434	0.471	0.332	0.291	0.372
U	0.436	0.633	0.241	0.194	0.437
C	-0.407	0.409	0.359	0.244	0.372
C	-0.398	0.066	0.510	-0.005	0.225
C	-0.380	0.222	0.439	0.093	0.311
A	-0.148	0.175	0.492	0.139	-0.119
U	2.054	0.420	-0.985	-1.110	1.514
C	-0.445	-0.306	0.307	-0.306	-0.015
C	-0.464	-0.367	0.479	-0.306	-0.046
C	-0.598	0.347	-0.056	0.184	0.120
A	-0.956	0.860	-1.818	0.563	-1.013
C	-0.533	0.421	0.210	0.249	0.236
U	0.963	0.750	0.402	0.461	-0.404
U	1.101	0.100	0.144	-0.258	-0.348
C	-0.764	0.526	-0.481	0.388	0.034
U	-0.052	0.164	0.420	0.496	0.334
G	-0.336	-0.193	0.477	-0.240	0.118
U	0.237	-0.174	0.531	-0.087	-0.538
C	-0.410	0.241	0.536	0.147	0.303
C	-0.414	0.406	0.565	0.306	0.388
A	-0.372	0.260	0.494	0.313	0.271
G	-0.406	0.436	0.532	0.279	0.384
C	-0.422	-0.076	0.457	0.048	0.176
C	-0.468	0.345	0.325	0.227	0.284
C	-0.436	0.367	0.524	0.254	0.339
C	-0.380	0.326	0.150	0.098	0.329
C	-0.395	0.694	-0.900	0.117	0.377
U	0.876	0.235	0.428	0.212	-0.674
A	-0.226	-0.195	0.328	0.759	0.335
G	-0.363	0.481	0.462	0.294	0.368
C	-0.514	-0.205	0.250	-0.009	0.021
C	-0.379	0.307	0.495	0.171	0.358
C	-0.555	-0.400	0.040	-0.403	-0.194
U	1.079	0.778	0.312	0.374	-0.299
A	-0.139	0.477	0.226	0.420	-0.177
C	-0.600	0.209	-0.213	0.033	0.032
U	0.720	0.239	0.352	0.017	-0.361
U	3.570	1.199	0.370	0.878	-2.701
U	0.388	-0.026	0.055	-0.488	0.502
C	-0.706	0.289	-0.393	0.086	-0.050
U	0.126	0.396	0.397	0.128	0.232
U	2.006	0.185	0.482	0.234	-1.992
U	1.896	0.789	-0.348	-0.138	0.438
C	-0.060	0.069	-0.651	-0.337	0.448
U	3.958	0.312	-2.807	-2.130	3.940
G	4.033	0.646	-3.173	-2.777	3.976
G	0.301	-0.275	0.007	-0.689	0.394
G	-0.250	0.157	0.403	-0.022	0.299
A	-0.382	0.438	0.227	0.370	0.070
U	1.712	0.756	0.291	0.409	-0.899
C	-0.421	0.372	0.098	0.195	0.324
C	-0.145	0.332	0.336	0.083	0.583
A	-0.209	0.328	0.471	0.490	0.194
G	-0.249	0.345	0.413	0.125	0.381
G	-0.258	0.119	0.507	0.021	0.151
A	-0.421	0.112	0.546	0.118	0.237
G	-0.421	-0.087	0.534	-0.104	0.109
U	0.242	-1.589	0.280	-1.377	-0.845
C	-0.375	0.233	0.324	0.187	0.342
C	-0.366	0.320	0.511	0.218	0.389
A	-0.284	-0.403	0.385	0.672	0.402
G	-0.440	-0.333	0.547	-0.280	-0.014
A	-0.455	-0.761	0.500	-0.588	-0.245
U	0.756	0.322	0.420	0.145	-0.505
C	-0.280	-0.643	-0.158	-0.781	-0.082
C	-0.454	0.198	0.499	0.120	0.236
C	-0.446	-0.415	0.520	-0.333	-0.046
C	-0.395	-0.226	0.508	-0.228	0.088
A	-0.429	-0.043	0.485	0.008	0.117
G	-0.342	0.473	0.538	0.303	0.370
C	-0.451	-0.386	0.412	-0.120	0.014
C	-0.461	0.297	0.385	0.219	0.278
C	-0.438	0.141	0.491	0.067	0.223
C	-0.358	0.305	0.399	0.149	0.371
C	-0.563	0.292	0.079	0.182	0.147
U	1.156	0.488	-0.388	-0.507	1.077
C	-0.809	0.525	-0.979	0.218	-0.081
U	0.917	0.722	0.109	0.155	0.312
C	-0.147	0.287	-0.076	-0.071	0.510
C	-0.334	0.278	0.487	0.204	0.408
A	-0.374	0.148	0.537	0.298	0.311
G	-0.494	-2.856	0.456	-2.174	-1.303
A	-0.439	-0.391	0.502	-0.261	-0.036
U	2.090	0.879	0.604	0.912	-1.917
U	2.311	0.999	0.622	1.020	-2.111
A	0.003	0.276	-0.192	0.215	-0.866
C	-0.672	0.572	-0.089	0.441	0.173
A	-0.390	0.398	-0.037	0.302	-0.211
U	2.291	1.055	0.530	0.864	-1.865
U	0.491	0.175	0.197	-0.205	0.189
C	-0.498	0.454	0.097	0.235	0.274
A	-0.246	0.160	0.459	0.104	-0.060
U	1.051	0.531	0.081	2.900e-004	0.121
C	-0.439	0.020	0.309	-0.070	0.143
C	-0.373	0.183	0.524	0.097	0.313
A	-0.374	0.174	0.511	0.411	0.374
G	-0.397	-0.224	0.530	-0.221	0.065
G	-0.403	0.202	0.552	0.117	0.243
C	-0.460	-0.116	0.482	-0.095	0.085
A	1.522	0.900	-1.279	1.321	-2.811
C	-0.415	0.278	0.175	0.149	0.295
A	-0.163	0.343	0.344	0.653	0.151
G	-0.253	0.189	0.403	2.272e-004	0.323
G	-0.251	-0.377	0.436	-0.406	0.013
A	-0.277	-0.426	0.002	0.365	-0.190
A	-0.278	0.232	-0.444	0.319	-0.686
A	-0.331	-0.255	0.345	0.558	0.320
G	-0.430	0.251	0.531	0.148	0.284
G	-0.435	-0.795	0.473	-0.633	-0.295
A	-0.399	-1.511	0.227	-1.034	-0.845
C	-0.437	-0.250	0.533	-0.178	0.052
A	-0.267	-0.206	0.428	0.459	0.241
G	-0.229	-0.007	0.415	-0.171	0.298
G	-0.448	-0.707	0.522	-0.568	-0.192
G	-0.559	-1.155	0.102	-0.914	-0.689
U	0.327	0.021	0.558	0.108	-0.563
C	-0.426	-0.740	0.501	-0.542	-0.170
A	-0.392	0.274	0.557	0.271	0.318
G	-0.410	-0.018	0.536	-0.061	0.163
G	-0.454	-1.830	0.476	-1.422	-0.751
A	-0.336	-1.042	0.206	-0.136	-0.276
A	-0.609	0.242	-0.087	0.187	-0.079
A	-0.414	-0.186	0.464	0.112	0.174
G	-0.396	0.289	0.548	0.170	0.313
G	-0.487	-2.589	0.372	-1.994	-1.190
A	-0.421	0.046	0.535	0.019	0.154
G	-0.253	0.420	0.464	0.197	0.418
G	-0.270	-0.570	0.349	-0.471	-0.413
A	-0.771	-4.489	-0.331	-3.314	-2.453
C	0.165	-1.339	-0.246	-0.800	0.201
U	1.689	0.362	-1.029	-1.129	1.973
C	-0.675	0.620	-2.428	0.072	-0.008
U	1.606	-0.927	-1.134	0.169	2.039
G	1.404	0.261	-1.057	-1.203	1.780
G	-0.359	-1.056	0.401	-0.902	-0.313
G	-0.299	-0.133	0.445	-0.218	0.166
C	-0.419	0.257	0.162	0.053	0.257
G	2.310	-0.685	-1.766	-2.573	2.078
G	-0.370	0.208	0.516	0.094	0.271
C	-0.413	-0.083	0.430	-0.131	0.132
A	-0.476	-0.209	0.067	0.404	0.112
G	-0.251	0.320	0.172	0.060	0.295
C	-0.061	-0.833	0.113	-0.743	0.123
C	0.388	0.313	-0.415	-0.385	0.984
U	1.329	0.373	-0.577	-0.640	1.302
C	-0.108	0.047	-0.314	-0.309	0.412
C	-0.866	-0.545	-0.792	-0.561	-0.639
A	-1.153	0.145	-2.116	0.028	-1.414
C	-0.956	0.152	-0.858	0.012	-0.390
A	0.306	-0.646	0.349	-0.403	-1.131
U	2.574	0.771	0.507	0.648	-2.276
U	0.994	0.457	-0.039	-0.192	0.409
C	-0.156	-0.051	-1.304	-0.681	0.193
C	-0.206	0.754	-1.342	-0.065	0.526
C	0.718	0.750	-1.874	-0.678	1.313
C	-0.451	0.561	-0.720	0.091	0.282
U	4.136	1.168	0.463	1.386	-3.419
U	5.138	0.888	-2.129	-1.612	1.372
C	0.928	0.463	-0.803	-0.725	1.486
C	-0.255	0.463	-0.369	0.092	0.478
A	-0.187	-0.342	0.249	0.194	-0.210
C	-0.601	0.380	-0.027	0.218	0.136
G	-0.145	0.108	0.272	-0.082	0.142
C	-1.633	-0.101	-2.911	-0.264	-1.330
U	6.252	1.383	0.211	1.414	-4.844
U	1.761	-0.171	-0.181	-0.601	-0.398
G	0.949	0.390	-0.293	-0.409	0.635
G	-0.212	-1.178	0.369	-1.004	-0.491
C	-0.326	-0.528	0.407	0.277	0.224
C	-0.475	0.088	0.365	0.128	0.183
C	-0.443	0.386	0.515	0.253	0.336
C	-0.420	0.134	0.517	0.198	0.279
C	-0.180	-0.912	0.098	0.098	0.217
A	-0.095	-1.334	0.149	1.298	0.531
G	-0.220	-1.105	0.318	-1.040	-0.196
A	-0.380	-0.534	0.505	-0.193	-0.038
A	-0.296	-0.673	0.416	0.019	-0.041
U	0.168	-0.549	0.527	-0.388	-0.697
G	0.062	-1.558	-0.019	-1.574	-0.327
G	-0.185	-0.087	0.443	-0.189	0.110
A	-0.032	-0.029	0.424	0.031	-0.383
G	-0.138	0.248	0.258	-0.066	0.486
G	-0.217	-0.179	0.369	-0.281	0.096
A	-0.424	-0.010	0.425	0.110	0.134
G	0.415	0.496	-0.141	-0.273	1.077
G	-0.411	0.130	0.352	0.043	0.088
G	-0.335	-0.076	0.482	-0.106	0.028
U	-0.293	-1.435	0.476	-0.998	-0.639
G	-0.159	-0.973	0.500	-0.740	-0.670
U	0.197	-1.619	0.416	-1.087	-1.093
C	-0.615	-1.948	0.023	-1.440	-0.962
U	-0.089	-0.074	0.293	-0.078	0.456
G	0.072	-0.647	0.150	-0.801	-0.021
U	7.128	-26.552	-7.682	22.063	6.522
A	-0.443	-1.287	0.465	-0.967	-0.541
U	4.334	0.547	0.288	1.773	-3.367
U	0.959	-0.210	0.011	0.628	0.204
A	-0.386	-0.469	0.460	-0.349	-0.199
C	-0.713	-0.074	-0.781	-0.176	-0.242
U	0.978	0.355	-0.460	-0.637	1.357
G	3.273	-0.158	-2.793	-2.919	3.034
G	0.395	-1.777	-0.227	-1.998	-0.049
G	-0.374	-0.854	0.318	-0.756	-0.262
C	-0.714	-0.766	-0.428	-0.427	-0.484
G	-0.954	-0.051	-1.231	-0.239	-0.576
A	-0.448	-2.150	0.353	-1.291	-0.820
G	-0.253	-0.082	0.401	-0.198	0.169
G	-0.413	-0.710	0.501	-0.580	-0.209
U	2.542	-0.049	0.590	0.220	-2.930
G	-0.405	-0.511	0.533	-0.423	-0.114
U	0.563	-3.124	-0.306	-2.784	-0.700
C	-0.080	-0.468	0.080	-0.538	0.255
C	0.585	-1.136	-0.443	0.951	1.198
U	1.662	-0.499	-0.047	0.355	-0.567
C	0.312	0.068	-0.364	-0.252	0.879
C	-0.398	-0.919	0.164	-0.837	-0.284
C	-0.467	0.121	0.405	0.046	0.177
U	0.102	-0.883	0.467	-0.722	-0.705
U	2.475	-0.580	-1.439	-2.247	1.523
C	-0.399	0.257	0.481	0.124	0.310
C	-0.319	0.075	0.319	-0.071	0.285
U	1.324	-0.345	-0.704	-1.257	1.161
G	2.274	-2.058	-1.943	-3.607	1.275
G	1.658	-4.271	-1.361	-4.830	-0.214
G	-0.280	-1.513	0.346	-1.310	-0.443
G	-0.259	-0.256	0.175	-0.389	0.075
A	-0.430	-0.608	0.514	-0.448	-0.164
C	-0.472	-0.276	0.283	-0.231	-0.016
U	-0.351	-1.029	0.445	-0.823	-0.275
G	0.708	-1.590	-0.469	-2.085	0.310
U	-0.090	-3.956	0.332	-2.985	-2.092
G	0.038	-0.645	-0.020	-0.833	-0.041
G	1.748	-0.536	-1.510	-2.021	1.402
G	4.685	-5.662	-3.957	-8.101	1.528
G	3.743	0.190	-3.539	-3.115	3.624
G	-0.625	-0.753	-0.237	-0.699	-0.470
G	-0.562	-1.771	0.083	-1.374	-1.019
U	-0.384	-3.253	0.341	-2.013	-1.267
G	-0.398	-2.849	0.314	-2.206	-1.388
G	-0.638	-1.048	-0.600	-0.881	-1.080
U	-0.310	-3.712	0.374	-2.844	-1.829
C	-0.872	-4.773	-0.807	-3.755	-2.670
A	-0.881	-2.716	-0.870	-2.065	-1.990
A	-0.649	-8.377	-0.162	-6.090	-4.284
A	-0.341	-1.027	0.516	-0.783	-0.491
A	-0.565	-6.015	0.308	-4.362	-2.802
G	-0.447	-0.455	0.547	-0.372	-0.068
A	-0.429	0.222	0.572	0.136	0.275
C	-0.613	-6.724	0.309	-5.081	-3.246