"Clone sequence"	PC1	PC2	PC3	PC4
				
				
G	-0.550	1.628	0.760	-0.591
A	-0.423	0.162	0.569	0.387
G	-0.534	1.439	0.735	-0.465
C	-0.420	0.130	0.565	0.409
A	-0.402	0.299	0.537	0.210
U	-0.596	4.267	0.953	-2.302
U	-0.291	-0.022	0.527	0.471
U	1.656	-0.340	0.214	0.273
C	-0.702	-0.206	-0.102	-0.589
A	-0.479	0.511	0.419	-0.202
U	1.201	2.004	0.455	-1.093
C	-0.179	0.005	0.361	0.051
C	-0.350	0.060	0.504	0.334
G	3.381	-0.026	-0.244	-1.911
G	-0.057	-0.010	0.493	0.395
A	-0.417	0.011	0.190	0.669
G	-0.267	0.032	0.527	0.411
U	0.010	-0.047	0.377	0.522
C	-0.563	-0.441	-0.039	-0.265
U	0.069	0.351	0.411	0.153
G	-0.235	-0.030	0.432	0.244
G	-0.262	0.042	0.531	0.430
C	-0.447	0.440	0.422	0.124
C	-2.134	-2.131	-2.614	-3.043
G	-0.454	0.258	0.166	-0.496
C	-0.460	0.700	-0.566	0.579
C	-0.414	0.134	0.461	0.486
C	-0.407	-0.022	0.545	0.510
U	1.007	0.049	0.289	-0.304
G	-0.412	0.045	0.554	0.466
A	-0.436	0.180	0.273	0.340
C	-0.413	0.301	0.296	0.215
C	-0.510	-0.186	-0.087	-0.620
U	5.052	-0.514	-0.212	0.198
U	3.804	-0.391	-0.223	-1.070
C	-0.720	-1.453	-1.662	-2.626
C	-0.191	-0.255	0.074	-0.293
C	-0.427	0.132	0.489	0.252
C	-0.382	-0.161	0.408	0.354
C	-0.225	-0.014	0.406	0.472
A	-0.426	0.601	-0.440	0.817
G	-0.349	-0.037	0.415	0.243
C	-0.352	0.292	0.310	0.010
C	-1.595	-1.830	-1.911	-2.293
G	-0.039	-0.037	0.481	0.369
C	-0.349	-0.107	0.258	0.250
C	-0.252	0.111	0.453	0.158
U	1.514	0.257	-0.300	0.409
G	0.339	-0.111	0.389	0.124
C	-1.004	-0.975	-1.398	-1.284
A	-0.644	-0.109	-0.423	0.135
G	0.249	-0.192	0.289	0.013
G	0.070	0.391	0.393	-0.247
G	0.858	-0.227	0.166	-0.304
G	0.411	0.251	0.251	-0.207
G	0.072	0.026	0.444	0.282
C	-0.497	-0.452	-0.305	-0.228
G	0.280	-0.181	0.085	-0.311
C	-0.407	-0.290	0.232	0.118
C	-0.024	0.055	0.477	0.209
A	-0.355	0.381	-0.027	0.707
G	-0.029	0.155	0.513	0.309
A	-0.672	2.952	0.592	-1.304
G	0.260	0.098	0.391	-0.055
G	-0.414	1.533	0.722	-0.609
G	-0.085	0.058	0.434	0.229
C	-0.389	0.189	0.315	0.116
C	0.045	0.049	0.224	0.253
G	2.354	-0.082	-0.017	-1.217
G	-0.427	0.217	0.576	0.351
A	-0.442	0.309	0.258	0.456
G	-0.242	-0.106	0.354	0.157
C	-0.659	0.238	0.275	-0.242
A	1.099	-0.128	0.077	0.477
C	-0.420	0.135	0.566	0.406
G	-0.196	0.643	0.541	-0.181
G	-0.335	0.699	0.616	-0.030
A	-0.373	0.296	0.380	0.446
A	-0.472	0.516	0.483	0.166
A	-0.422	0.216	0.043	0.671
G	-0.339	0.342	0.580	0.259
C	-0.469	0.067	0.419	0.179
A	-0.460	1.068	-1.771	1.320
G	0.260	0.079	0.423	0.010
C	-0.651	-0.533	-0.157	-0.402
G	0.609	-0.089	0.228	-0.310
G	-0.330	0.150	0.553	0.365
A	-0.521	-0.105	0.374	0.261
U	0.042	-0.076	0.471	0.418
C	-0.510	-0.535	-0.029	-0.165
C	-0.797	-0.779	-0.470	-0.784
U	6.437	-0.495	-0.870	0.420
U	0.246	0.116	0.154	0.333
G	-0.234	0.005	0.517	0.407
A	-0.399	0.373	0.262	0.407
U	0.211	0.397	-0.066	0.599
G	-0.230	-0.121	0.502	0.494
C	-1.234	-1.106	-1.221	-1.364
U	-0.107	0.059	0.406	0.390
G	-0.161	-0.051	0.468	0.379
C	-0.421	-0.059	0.256	0.480
C	-0.580	-0.274	0.192	0.058
U	3.880	-0.481	-0.141	0.449
U	1.697	0.495	-1.384	0.969
A	0.279	0.217	-0.950	0.622
A	-0.344	0.611	-0.622	0.853
G	-0.359	-0.077	0.460	0.394
U	-0.085	-0.032	0.498	0.444
C	-0.438	0.124	0.539	0.366
C	-0.441	-0.170	0.463	0.490
G	3.675	-0.251	-0.468	-2.234
G	-0.138	-0.056	0.495	0.417
C	-0.450	0.466	0.021	0.350
U	4.294	-0.119	-1.117	-0.449
C	0.195	-0.114	0.026	0.132
A	-0.312	0.177	0.194	0.648
G	-0.273	-0.033	0.521	0.460
A	-0.447	1.138	0.493	-0.118
G	-0.330	0.058	0.539	0.403
G	0.888	-0.060	0.284	-0.265
G	-0.030	-0.010	0.293	0.080
G	-0.318	0.179	0.451	0.141
C	-0.671	-0.130	-0.324	0.006
G	-0.101	0.048	0.503	0.344
C	0.185	-0.082	-0.268	-0.118
A	-0.529	0.555	-1.553	0.971
G	-0.384	-0.153	0.362	0.268
C	-1.642	-2.752	-5.176	-5.750
G	-0.025	-0.328	-0.212	-0.581
U	-0.053	-0.009	0.494	0.404
G	-0.322	0.628	0.565	-0.088
G	-0.332	0.145	0.553	0.369
C	-0.435	0.811	0.554	-4.153e-004
C	-0.320	-0.064	0.523	0.485
U	2.156	0.047	-0.127	-0.082
G	0.473	-0.124	0.040	-0.599
G	1.231	0.397	0.274	-0.763
G	-0.204	-0.028	0.504	0.385
G	-0.317	-0.004	0.464	0.343
U	-0.417	0.162	0.471	0.462
C	-1.556	-1.307	-1.291	-1.809
G	-0.080	0.047	0.382	0.032
C	-0.402	0.042	0.015	-0.369
U	-0.102	-0.034	0.490	0.377
A	-0.328	-0.033	0.404	0.524
U	-0.194	-0.054	0.416	0.519
C	-0.809	-0.402	-0.080	-0.332
U	1.031	0.106	0.341	-0.003
U	1.494	1.019	0.369	-0.831
C	-0.583	-0.279	0.139	-0.047
C	-0.365	0.170	0.523	0.271
C	-0.255	-0.300	0.138	0.173
A	-0.015	0.299	-0.129	0.689
U	2.492	-0.183	-0.088	0.042
C	-0.468	-0.727	-0.445	-0.598
C	-0.165	-0.075	0.491	0.394
G	1.223	0.032	0.227	-0.548
G	-0.240	-0.047	0.509	0.421
A	-0.443	-0.073	0.383	0.500
A	-0.501	-0.186	0.142	0.161
C	-0.616	-0.315	0.196	0.113
A	-0.101	-0.208	0.039	0.281
U	1.303	-0.138	-0.098	0.419
C	-1.381	-1.610	-1.952	-2.154
U	0.072	0.266	-0.082	0.538
G	-0.259	-0.092	0.452	0.424
C	-0.464	-0.031	0.467	0.369
C	-0.372	0.045	0.546	0.440
C	-0.445	-0.125	0.469	0.460
U	1.414	0.039	-0.435	0.150
G	-0.208	-0.044	0.503	0.399
C	-0.388	0.003	-0.417	0.130
U	-0.058	-0.074	0.480	0.403
G	0.577	-0.471	-0.285	-0.947
G	0.268	-0.144	0.216	-0.207
G	1.545	0.062	0.166	-0.777
G	-0.258	-0.020	0.488	0.393
G	-0.032	-0.195	0.286	0.130
A	-0.397	-0.109	0.398	0.324
C	-0.428	0.273	-0.005	0.176
A	-0.535	0.052	0.129	0.147
C	-1.488	-1.145	-1.345	-2.093
U	0.553	-0.007	0.278	0.090
A	-0.198	-0.308	-0.818	-0.203
C	-0.441	-0.508	-0.482	-0.614
G	4.898	0.062	-0.511	-2.954
G	-0.372	0.595	0.611	0.068
G	0.720	0.108	0.415	0.278
C	-0.479	0.689	0.435	0.116
C	-0.395	-0.161	0.284	0.099
U	5.419	-0.498	-0.603	-0.244
U	5.755	-0.292	-1.177	-0.608
C	-0.370	-0.659	-0.361	-0.508
C	-0.373	0.090	0.138	0.345
C	0.049	-0.375	0.031	-0.321
U	5.446	-0.578	-0.257	0.285
U	1.457	0.766	-1.813	0.530
G	0.084	0.171	0.438	0.196
C	-0.372	0.194	0.530	0.265
C	-0.405	-0.183	0.385	0.332
U	0.289	-0.003	0.339	0.309
G	0.642	-0.174	0.304	0.032
A	-0.397	0.057	0.268	0.676
G	0.590	-0.251	0.319	0.037
G	-0.039	-0.169	0.318	0.116
G	-0.654	-0.206	0.111	-0.158
U	-0.149	0.626	-1.052	1.242
A	-0.209	5.032	-9.746	5.464
G	-0.085	-0.013	0.485	0.323
G	-0.296	-0.078	0.485	0.433
G	-0.666	0.256	0.271	-0.266
U	0.013	0.093	0.112	0.507
C	-1.131	-0.768	-1.343	-1.487
U	3.657	0.070	-0.005	-0.326
C	-0.552	0.721	0.484	-0.295
A	-0.184	0.142	-0.141	0.130
A	-0.372	0.273	0.252	0.213
G	-0.426	-0.062	0.509	0.478
G	-0.467	0.396	0.568	0.172
U	-0.281	0.156	0.267	0.549
C	-0.596	0.992	0.344	-0.308
A	-1.750	-1.787	-2.212	-2.837
C	-0.704	-0.458	-0.216	-0.052
U	2.112	-0.122	-0.067	0.483
U	0.613	-0.028	-0.060	0.696
G	0.284	-0.220	0.340	0.246
C	-0.637	0.251	-1.682	0.156
C	-0.720	-0.196	-0.219	-0.027
C	-0.570	-0.002	0.333	0.089
C	-0.465	-0.094	0.347	0.456
C	-0.481	-0.033	0.141	0.502
A	-0.397	0.762	-1.165	1.113
G	-0.311	-0.109	0.453	0.418
C	-0.581	0.176	-0.580	0.365
U	0.674	-0.097	0.307	0.452
U	-0.008	0.067	0.118	0.593
G	-0.389	0.313	0.583	0.283
A	-0.312	-0.042	0.465	0.397
C	-0.493	-0.204	0.241	0.313
C	-0.583	0.047	-0.273	0.377
U	0.576	-0.067	0.403	0.345
G	-0.172	0.005	0.501	0.341
G	-0.361	-0.098	0.527	0.536
C	-0.415	0.518	0.608	0.126
C	-0.130	-0.015	0.490	0.328
G	3.579	-0.356	-0.290	-1.780
G	-0.332	0.038	0.537	0.419
A	-0.397	-0.005	0.358	0.642
G	-0.421	0.146	0.567	0.398
U	0.281	-0.029	0.220	0.225
G	0.019	-0.131	0.412	0.243
G	-0.073	-0.107	0.434	0.287
C	-0.238	0.109	0.318	-0.123
U	0.138	0.360	0.402	0.059
A	-0.219	0.800	-1.140	1.044
U	0.520	-0.027	0.054	0.674
A	-0.434	0.403	0.020	0.589
G	-0.415	0.080	0.558	0.443
A	-0.431	0.264	0.582	0.320
G	-0.410	0.014	0.550	0.486
G	-0.449	0.462	0.608	0.188
A	-0.431	0.255	0.581	0.325
C	-0.385	0.181	0.564	0.350
U	0.718	-0.155	0.311	-0.066
U	1.592	-0.016	0.193	0.294
U	0.403	0.234	-0.120	0.434
G	-0.180	0.058	0.444	0.191
U	0.341	0.045	0.262	0.433
C	-0.375	-0.125	0.415	0.333
C	-0.430	0.241	0.579	0.334
C	-0.431	-0.208	0.288	0.161
U	3.737	0.493	-1.925	0.683
G	0.607	-0.208	0.315	0.125
C	2.005	-0.695	-0.979	-1.753
A	-0.435	0.213	-0.520	0.952
G	-0.276	-0.094	0.514	0.504
A	-0.410	0.146	0.318	0.422
C	-0.591	-0.240	0.248	0.144
U	0.059	0.089	0.386	0.276
G	0.048	-0.159	0.404	0.247
C	-0.525	-0.411	0.113	0.014
A	-0.564	-0.084	0.024	0.311
G	0.444	-0.222	0.249	-0.104
C	-0.660	-0.569	-0.224	-0.503
A	-0.432	0.369	-0.364	0.825
G	0.659	-0.185	0.313	-0.055
C	-0.087	-0.500	-0.550	-0.844
A	-0.412	-0.026	0.240	0.667
G	-0.343	-0.242	0.336	0.274
A	-0.419	0.125	0.564	0.413
G	-0.414	0.065	0.556	0.452
A	-0.444	0.408	0.601	0.224
U	-0.018	0.173	0.517	0.323
G	-0.359	-0.041	0.537	0.519
A	-0.401	0.041	0.304	0.492
C	-0.462	-0.148	0.284	0.361
A	-0.427	-0.166	-0.142	-0.367
C	-1.464	-1.538	-1.502	-1.785
U	-0.054	0.167	-0.118	0.753
G	-0.301	-0.179	0.349	0.264
U	0.899	0.195	-0.005	0.124
C	-0.240	0.040	-1.111	-0.236
U	4.329	-0.583	-0.276	-0.735
C	-0.742	-0.867	-0.537	-0.850
U	1.111	-0.008	0.280	-0.202
G	0.959	-0.101	0.272	-0.234
A	-0.396	0.043	0.281	0.674
G	-0.407	-0.017	0.546	0.507
U	-0.325	-0.012	0.439	0.524
G	0.306	-0.190	0.287	-0.008
C	1.220	-0.642	-0.434	-1.292
A	-0.466	0.013	-0.111	0.679
G	-0.447	-0.074	0.479	0.432
A	-0.405	-0.037	0.479	0.405
G	-0.373	-0.149	0.493	0.535
A	-0.417	0.162	0.477	0.457
U	-0.367	0.501	0.600	0.132
G	-0.004	-0.184	0.446	0.369
G	-0.119	-0.017	0.454	0.252
G	-0.078	-0.035	0.444	0.238
G	-0.283	-0.063	0.519	0.485
G	-0.267	-0.067	0.522	0.529
C	-0.281	0.176	0.327	0.363
A	-0.394	0.314	-0.136	0.838
G	-0.382	-0.111	0.496	0.489
G	-0.018	0.385	0.513	-0.033
G	-0.253	0.150	0.500	0.219
A	-0.409	0.131	0.384	0.545
G	-0.112	0.161	0.442	0.074
C	-0.259	0.801	0.474	-0.459
U	0.134	0.259	0.300	0.122
G	0.937	0.064	0.227	-0.534
G	-0.008	0.734	0.517	-0.360
G	-0.057	1.222	0.526	-0.764
A	-0.408	0.277	0.158	0.635
G	-0.491	0.627	0.534	-0.115
A	-0.465	0.641	0.237	0.289
G	-0.207	-0.106	0.495	0.443
G	-0.339	0.221	0.527	0.224
G	-0.848	0.215	-0.168	-1.062
U	-0.311	0.394	-0.199	0.824
U	3.425	0.354	-0.068	-0.028
C	-0.459	0.008	-0.102	0.290
A	-0.267	1.191	0.188	-0.273
A	-0.417	0.266	-0.078	0.744
G	-0.456	0.038	0.494	0.359
C	-0.381	0.239	0.236	0.382
U	-0.062	0.003	0.482	0.295
A	-0.575	0.547	-0.136	-0.394
C	-1.174	-0.048	-0.652	-1.776
U	-0.197	0.177	0.092	0.636
G	-0.334	-0.169	0.313	0.152
G	-0.406	-0.026	0.545	0.513
A	-0.755	-0.509	-0.132	-0.093
A	-0.228	0.124	0.359	0.536
C	-0.828	-0.107	-0.487	-0.410
A	-0.664	0.448	-1.855	0.891
G	-0.213	-0.130	0.467	0.445
C	-0.215	0.100	-0.516	0.185
U	1.272	-0.157	0.176	0.096
U	9.455	-1.046	-0.879	-0.259
C	-0.222	0.438	0.407	-0.006
A	-0.294	0.306	-0.320	0.966
G	-0.357	0.107	0.520	0.340
A	-0.491	0.422	0.147	0.325
A	-0.155	0.001	0.394	0.485
C	-0.563	-0.146	0.111	0.284
A	-1.120	-1.061	-0.816	-0.882
A	-0.535	-0.032	0.373	0.192
C	-2.870	-3.112	-3.472	-4.309
U	0.431	0.126	-0.217	0.440
A	-0.592	-0.034	-0.612	0.418
G	-0.093	-0.170	0.465	0.416
G	0.032	0.178	0.479	0.084
G	-0.391	0.070	0.459	0.276
U	-0.310	-0.041	0.441	0.584
A	-0.366	0.024	0.545	0.476
C	-0.375	-0.207	0.173	0.422
U	1.575	0.140	-0.320	-0.248
A	-0.466	0.270	-0.408	0.769
G	-0.192	0.006	0.392	0.224
G	-0.381	0.559	0.605	0.073
A	-0.480	0.086	0.475	0.278
A	-0.420	0.516	0.401	0.230
C	-0.528	0.549	0.467	-0.172
U	-0.294	-0.013	0.523	0.432
G	-0.020	-0.078	0.429	0.236
C	-0.413	-0.145	0.182	0.130
U	-0.209	0.704	0.507	-0.051
G	-0.237	-0.033	0.481	0.367
U	-0.232	-0.097	0.512	0.525
G	-0.378	1.012	0.659	-0.231
U	1.211	-0.103	0.149	0.454
C	-0.387	-0.040	0.437	0.513
A	0.434	-0.086	0.371	0.367
G	0.429	-0.171	0.360	0.082
G	-0.278	0.198	0.521	0.273
G	-0.282	0.345	0.502	0.077
A	-0.355	0.011	0.366	0.620
G	-0.401	-0.092	0.536	0.557
A	-0.404	0.012	0.461	0.555
A	-0.408	0.058	0.467	0.524
G	-0.233	-0.118	0.467	0.401
G	-0.293	-0.044	0.520	0.453
G	0.285	0.239	0.442	-0.074
G	1.526	-0.554	-0.109	-0.205
C	0.165	-0.078	-0.124	-0.700
U	1.094	0.065	0.351	0.181
C	-0.648	-0.061	-0.096	-0.040
A	-0.518	0.252	-1.291	0.235
A	-0.545	-0.019	-0.329	0.258
G	-0.565	-0.591	-0.166	-0.332
G	-0.446	0.178	0.543	0.323
A	-0.516	0.252	0.468	0.113
C	-0.379	0.266	0.388	0.153
U	1.061	-0.221	0.258	-0.072
C	-0.954	-0.010	-0.285	-1.100
G	1.436	-0.872	-0.847	-1.912
C	0.652	-1.082	-1.545	-2.039
A	-0.454	-0.029	0.200	0.554
G	-0.397	0.299	0.579	0.272
G	-0.418	0.115	0.563	0.419
C	-0.419	0.116	0.563	0.418
C	-0.366	-0.064	0.532	0.515
U	1.796	-0.127	-0.017	-0.244
G	1.833	-0.409	-0.173	-0.942
G	0.741	0.127	0.322	-0.234
G	0.597	0.222	0.378	-0.261
A	-0.322	0.013	0.539	0.479
G	-0.273	-0.203	0.501	0.580
G	-0.333	0.559	0.603	0.091
A	-0.373	0.022	0.254	0.624
G	-0.048	-0.214	0.455	0.443
G	-0.145	0.542	0.524	-0.132
G	-0.265	0.201	0.548	0.306
G	3.032	-0.421	0.072	0.478
C	-0.361	0.129	0.432	0.121
C	-0.445	0.288	0.308	-0.021
U	6.047	-0.216	-1.145	-1.413
A	-0.110	2.872	-5.634	3.534
G	-0.362	-0.110	0.526	0.546
G	-0.404	0.955	0.662	-0.150
C	-0.484	0.413	0.549	0.120
C	-0.393	0.008	0.513	0.413
A	-0.561	2.472	-1.360	0.321
G	-0.357	-0.048	0.434	0.294
C	-0.425	0.725	0.157	-0.007
C	0.296	-0.225	0.253	-0.060
A	0.742	-0.325	-0.430	-0.165
U	1.000	0.332	-0.654	0.510
G	7.875	-0.707	-1.301	-4.446
G	-0.233	0.695	0.601	-0.049
G	-0.470	0.823	0.555	-0.264
A	-0.420	-0.118	0.504	0.520
G	-0.281	0.155	0.452	0.171
U	-0.206	-0.020	0.359	0.595
U	-0.267	1.445	0.689	-0.593
G	0.114	-0.081	0.279	-0.085
G	-0.319	-0.349	0.059	-0.137
G	-0.164	-0.338	0.044	-0.094
U	-0.215	-0.020	0.437	0.516
C	-0.622	0.059	0.082	-0.241
A	-0.558	-0.054	-0.382	-1.152
C	-0.411	0.017	0.086	0.615
C	-0.316	-0.210	0.353	0.272
U	0.079	1.532	-0.650	0.234
G	-0.055	0.266	0.483	0.058
U	0.034	0.088	0.082	0.637
G	-0.186	0.306	0.554	0.249
U	1.159	0.491	-0.031	0.193
C	-0.741	-0.260	-0.732	-0.157
U	0.077	0.232	0.025	0.551
G	0.035	0.044	0.368	-0.019
A	-0.428	0.278	0.115	0.592
G	-0.415	-0.171	0.497	0.556
G	-0.423	0.170	0.570	0.382
A	-0.476	-0.194	0.411	0.413
C	-0.450	-0.143	0.346	0.223
U	1.091	-0.193	0.326	0.400
U	0.154	0.015	0.264	0.264
G	0.183	-0.054	0.423	0.155
G	-0.392	-0.005	0.450	0.310
U	-0.270	-0.093	0.520	0.546
G	-0.351	0.182	0.557	0.327
C	-0.662	-0.355	-0.084	-0.166
U	-0.402	0.387	0.507	0.278
G	-0.331	0.029	0.539	0.449
U	0.463	-0.057	0.428	0.418
C	-1.194	-1.062	-0.844	-1.199
U	0.486	0.122	0.229	0.006
G	0.057	-0.187	0.271	-0.003
G	-0.410	0.450	0.599	0.171
A	-0.427	0.335	0.415	0.406
U	-0.220	-0.054	0.420	0.481
U	1.011	-0.182	0.249	0.421
U	2.446	-0.227	-0.035	0.236
U	1.332	-0.196	0.117	0.466
G	-0.171	-0.027	0.381	0.190
C	-0.427	-0.155	0.375	0.290
C	-0.389	-0.166	0.365	0.271
A	-1.117	-1.449	-2.124	-1.549
A	-0.718	-0.307	-3.232	-0.696
C	-1.245	-1.218	-1.824	-1.380
C	0.378	0.159	-1.164	0.242
U	6.882	-0.152	-1.963	-0.767
A	0.414	0.058	-0.468	0.642
G	3.336	-0.413	-0.260	-1.508
G	0.287	0.025	0.380	-0.034
G	-0.011	-0.134	0.402	0.299
C	-0.461	0.034	-0.176	-0.024
U	0.076	0.012	0.281	0.314
G	-0.001	-0.100	0.335	0.059
G	-0.082	0.488	0.537	-0.067
G	-0.288	-0.053	0.521	0.480
G	-0.409	-0.104	0.283	0.079
U	0.226	0.042	0.208	0.550
C	-0.911	-0.528	-0.331	-0.485
A	-0.428	1.009	-0.175	0.394
G	-0.421	0.569	0.615	0.092
C	-0.486	0.150	-0.046	0.384
U	0.952	0.528	-0.338	-0.137
G	0.363	0.376	0.435	-0.271
A	-0.650	0.673	-2.049	0.980
U	0.200	2.056	0.287	-0.635
G	-0.442	0.390	0.539	0.128
C	-0.446	0.257	-0.177	0.706
C	-0.397	0.157	0.218	0.383
C	-0.852	0.035	-0.085	-0.751
A	-1.104	-2.152	-2.655	-3.454
C	-1.126	-0.959	-0.637	-0.883
C	-0.785	-0.430	-0.348	-0.381
A	-0.664	-0.216	-3.271	-0.332
C	-1.235	-0.996	-1.025	-1.148
G	0.005	-0.171	0.163	-0.215
A	-0.671	-0.383	-0.041	-0.049
C	0.954	-0.271	-0.014	-0.717
U	2.569	-0.218	0.048	-0.374
C	-0.199	-0.081	0.284	0.425
C	-0.373	-0.046	0.471	0.373
C	-0.430	-0.201	-0.216	-0.400
G	1.026	-0.111	0.104	-0.558
A	-0.322	1.555	-3.113	2.240
G	-0.002	0.006	0.487	0.374
C	-0.440	0.504	-0.486	0.686
C	1.820	-0.123	-0.009	-1.042
U	5.408	-0.644	-0.398	-0.654
C	-0.300	-0.114	0.375	0.223
C	-0.037	-0.030	0.385	0.348
A	-0.273	-0.036	0.442	0.573
G	-0.389	-0.043	0.508	0.449
G	-0.391	0.296	0.581	0.294
A	-0.478	0.184	0.315	0.346
A	-0.402	-0.077	0.538	0.547
C	-0.491	0.153	0.421	0.104
U	-0.368	-0.038	0.536	0.498
G	-0.420	-0.114	0.505	0.519
A	-0.360	0.046	0.378	0.591
A	-0.493	0.006	0.437	0.279
A	-0.667	-0.384	-0.011	-0.204
C	-0.316	-0.262	0.230	0.066
C	-0.438	-0.071	0.332	0.122
C	-1.184	-0.773	-0.723	-1.225
U	0.689	0.218	-0.434	0.600
G	-0.315	-0.065	0.490	0.418
U	0.946	-0.028	0.154	0.129
C	-0.615	-0.406	-0.771	-0.485
U	0.653	0.131	0.127	0.132
G	0.584	-0.309	0.067	-0.396
C	-0.331	0.291	-1.411	0.478
C	-1.047	-1.588	-1.936	-2.272
C	-0.359	-0.852	-0.632	-0.900
C	-0.255	-0.350	0.223	0.123
C	1.134	0.047	-0.775	-0.438
A	-0.224	-0.031	0.349	0.634
G	-0.137	-0.079	0.488	0.403
G	-0.135	0.123	0.443	0.100
G	-0.459	-0.400	0.097	-0.029
U	0.615	-0.024	0.301	0.249
C	-2.120	-2.149	-2.518	-2.966
U	0.450	0.009	0.318	0.156
G	-0.245	-1.478	-1.669	-2.690
G	0.889	1.232	0.105	-1.894
G	-0.135	0.032	0.440	0.194
G	-0.209	-0.142	0.495	0.494
A	-0.401	0.143	0.220	0.663
A	-0.511	1.406	0.388	-0.182
G	-0.405	-0.038	0.543	0.521
G	-0.332	0.382	0.576	0.170
A	-0.428	-0.008	0.520	0.449
G	-0.353	-0.210	0.452	0.502
G	-0.284	-0.033	0.526	0.487
C	-0.492	1.550	0.485	-1.099
U	-0.370	1.003	0.321	0.014
G	-0.181	0.691	0.580	-0.150
C	-0.495	-0.108	0.146	0.032
U	-0.308	0.108	0.540	0.353
G	-0.169	0.228	0.529	0.201
A	-0.449	0.341	0.393	0.346
G	-0.460	0.355	0.566	0.206
U	-0.215	-0.057	0.417	0.482
A	-0.422	0.274	0.412	0.443
G	-0.487	0.903	0.666	-0.107
A	-0.479	-0.092	0.341	0.413
A	-0.299	-0.147	0.225	0.500
C	-0.568	-0.087	0.168	0.071
C	-0.075	0.156	0.233	0.108
A	-0.231	-0.337	0.221	0.230
A	-0.535	-0.544	-0.388	-0.507
C	-0.656	-0.462	-0.389	-0.722
C	-0.476	-0.179	0.269	0.345
C	-0.393	-0.003	0.512	0.421
C	-0.384	-0.047	0.420	0.517
A	-0.397	0.331	-0.100	0.801
G	-0.410	0.016	0.550	0.485
G	-0.410	0.018	0.550	0.484
U	0.143	0.139	0.401	0.339
U	0.157	-0.214	0.430	0.429
A	-0.440	-0.087	0.304	0.130
C	-0.472	-0.400	0.203	0.178
C	-0.446	0.375	0.536	0.121
A	-0.641	-0.580	-0.216	-0.192
A	-1.059	-1.265	-1.831	-1.460
C	-0.732	-0.565	-0.547	-0.709
C	-0.346	0.029	0.477	0.307
C	-0.726	0.250	0.189	-0.417
C	-0.727	-0.773	-0.471	-0.806
A	-0.165	-1.053	-1.147	-1.154
C	-0.735	-0.561	-0.073	-0.181
C	-0.415	0.065	0.190	-0.066
U	4.429	-0.550	-0.350	0.097
C	-0.208	-0.486	-0.089	-0.169
A	-0.548	0.115	-1.497	0.472
G	0.803	-0.203	-0.142	-0.914
C	-0.276	-0.376	-1.024	-1.018
C	-1.026	-1.439	-1.179	-1.571
A	-0.570	-2.242	-2.410	-2.666
C	-0.668	-0.688	-0.316	-0.579
C	-0.373	-0.370	0.137	-0.009
C	-0.446	0.124	0.254	-0.223
C	-0.404	-0.784	-0.492	-0.910
U	4.074	-0.439	-0.152	0.348
U	0.841	0.289	-0.451	0.339
G	0.182	-0.235	0.236	0.021
C	-0.607	-0.216	-0.117	-0.400
C	-0.506	-0.183	0.286	0.381
A	-0.348	0.637	-1.500	1.233
G	-0.346	-0.115	0.430	0.363
C	-0.412	0.374	-0.049	0.566
C	-0.420	-0.155	0.441	0.425
A	0.233	0.111	-0.760	0.652
A	-0.151	0.130	-1.183	0.555
A	-0.376	0.825	-1.520	1.526
G	-0.430	0.007	0.521	0.438
C	-0.674	0.020	0.110	-0.130
A	-0.411	-0.173	0.325	0.249
A	-0.859	-0.764	-0.411	-0.614
A	-0.698	-0.436	-0.873	-0.218
C	-1.289	-0.393	-1.376	-1.460
A	-0.772	-0.403	-0.307	-0.082
G	-0.370	-0.086	0.467	0.402
G	-0.352	-0.055	0.499	0.434
C	-0.361	0.357	0.417	0.337
C	-0.229	-0.250	0.233	0.042
C	-0.376	-0.568	-0.260	-0.413
G	4.123	-0.599	-0.549	-2.225
G	0.706	-0.252	0.374	0.528
C	-0.441	0.208	0.472	0.368
C	-0.350	-0.080	0.347	0.387
C	-0.834	-0.710	-0.299	-0.485
G	5.741	-0.755	-0.927	-3.222
G	-0.043	-0.187	0.324	0.279
C	-0.396	0.908	0.533	-0.166
A	-0.573	-0.259	-0.183	0.029
C	-0.616	-0.534	-0.276	-0.414
U	0.096	0.151	0.131	0.332
G	0.587	-0.445	-0.399	-1.218
G	1.380	0.080	0.015	-1.055
G	0.641	0.837	0.432	-0.783
G	-0.119	0.056	0.184	-0.377
G	-0.287	-0.804	-0.720	-1.115
U	0.433	0.258	-0.373	0.729
U	0.471	0.588	0.469	-0.268
C	-0.532	0.221	0.003	-0.819
C	-1.221	-1.235	-1.274	-1.691
U	3.811	-0.183	-0.307	-0.650
U	5.896	-0.359	-0.494	-1.385
C	0.109	0.195	-0.285	-0.395
U	4.582	-0.130	-0.980	0.198
C	-0.824	0.524	-0.192	-0.745
G	-0.369	0.907	0.649	-0.140
A	-0.435	0.128	0.452	0.423
A	-0.368	-0.207	0.372	0.369
C	-0.441	-0.106	0.431	0.362
C	1.053	-0.096	0.128	-0.370
A	-0.258	0.212	-0.199	0.921
G	-0.135	-0.062	0.455	0.300
G	-0.207	0.059	0.489	0.305
A	-0.405	0.018	0.466	0.548
G	-0.379	0.074	0.550	0.423
U	-0.324	0.054	0.296	0.622
U	4.854	-0.626	-0.177	0.456
C	-0.566	-0.280	0.169	0.014
A	-0.566	0.153	-0.899	0.327
G	-0.317	0.021	0.504	0.380
C	-0.518	0.055	0.151	0.346
C	0.277	-0.086	0.341	-0.006
U	1.516	0.229	0.325	0.080
C	-0.558	-0.362	0.070	-0.116
C	-0.390	-0.040	0.509	0.449
C	-0.462	0.672	0.550	0.112
C	-0.347	-0.115	0.491	0.474
U	0.828	-0.004	0.082	0.167
G	-0.232	0.103	0.527	0.331
A	-0.263	0.039	0.059	0.671
C	-0.487	0.117	0.391	0.291
C	0.040	-0.034	0.393	0.107
C	-0.465	-0.328	0.129	-0.047
G	1.917	-0.713	-0.532	-1.307
C	0.795	-1.676	-1.912	-3.031
A	-0.409	-0.200	0.387	0.383
G	-0.415	0.075	0.558	0.446
A	-0.438	0.217	0.385	0.426
A	-0.375	0.519	0.322	0.284
U	-0.365	0.123	0.228	0.642
C	-0.970	-0.686	-0.471	-0.834
U	0.558	-0.140	0.310	0.416
U	1.434	-0.036	-0.284	0.375
C	-1.386	-1.232	-1.217	-1.316
U	-0.097	0.257	0.455	0.300
G	-0.347	0.117	0.549	0.371
A	-0.415	-0.147	0.445	0.439
U	-0.120	0.015	0.498	0.345
C	-0.508	-0.392	0.183	0.137
C	-0.381	0.083	0.552	0.417
C	0.007	-0.385	0.124	-0.109
A	0.623	-0.699	-0.556	-0.322
C	-0.374	-0.418	0.091	-0.059
C	-0.371	-0.336	0.045	0.006
C	-2.569	-3.171	-3.654	-4.462
G	0.217	-0.383	-0.014	-0.367
C	0.245	-0.399	-0.334	-0.634
U	3.659	-0.489	-0.173	-0.028
C	-0.352	0.166	0.530	0.287
C	-0.297	-0.061	0.519	0.468
A	-0.277	-0.074	0.523	0.534
G	-0.378	0.056	0.548	0.435
G	-0.380	0.079	0.551	0.420
A	-0.436	0.142	0.457	0.413
G	-0.333	0.085	0.549	0.432
C	-0.467	0.053	0.484	0.326
C	-0.266	-0.008	0.518	0.410
A	-0.355	0.641	-0.923	1.170
G	-0.396	-0.134	0.472	0.480
G	-0.384	0.128	0.557	0.387
A	-0.428	0.008	0.467	0.341
A	-0.352	0.188	-0.059	0.539
U	-0.287	1.439	0.619	-0.442
G	-0.265	0.144	0.504	0.235
A	-0.387	0.315	-0.248	0.922
G	-0.391	0.210	0.568	0.332
U	-0.202	-0.055	0.426	0.540
C	-0.472	-0.041	0.454	0.354
C	-0.462	0.617	0.628	0.084
C	-0.432	0.329	0.507	0.340
A	-0.253	1.538	-2.113	1.623
G	-0.320	-0.054	0.530	0.525
U	-0.136	0.022	0.346	0.525
C	-0.548	-0.203	-0.334	-0.447
U	2.271	-0.291	0.031	-0.621
C	-1.435	-1.904	-2.020	-2.776
U	2.770	-0.288	-0.028	-0.655
C	-0.766	-0.950	-0.628	-0.953
C	-0.437	-0.220	0.185	-0.040
C	-0.282	0.013	0.409	0.408
A	-0.403	0.274	0.078	0.697
G	-0.379	0.070	0.550	0.426
U	0.160	0.185	0.210	0.220
U	1.693	-0.246	0.070	-0.228
C	-0.490	-0.931	-0.607	-0.991
U	1.103	-0.242	0.300	0.299
C	-0.601	-0.463	-0.070	-0.062
A	-0.959	-0.622	-0.731	-0.676
C	-0.872	-0.711	-0.881	-0.712
U	0.498	-0.130	0.357	0.054
G	0.366	-0.078	0.359	0.037
U	-0.250	-0.122	0.505	0.505
G	-0.138	0.321	0.536	0.136
U	-0.163	-0.176	0.488	0.534
G	-0.450	0.187	0.484	0.194
G	-0.589	-0.343	0.109	-0.028
U	-0.165	0.062	0.206	0.658
U	-0.026	0.188	0.436	0.360
U	0.918	-0.108	0.368	0.433
U	0.291	-0.009	0.101	0.423
G	-0.340	-0.200	0.422	0.427
C	-0.552	-0.146	0.233	0.251
C	-0.371	-0.023	0.538	0.489
A	-0.255	-0.083	0.365	0.261
U	1.449	-0.347	0.252	0.392
U	1.059	0.088	0.322	-0.090
C	-0.741	-0.456	-0.161	-0.464
G	-0.446	-0.256	0.316	0.301
U	0.562	-0.237	0.376	0.399
C	-0.678	-0.648	-0.327	-0.637
U	1.593	-0.266	0.247	0.346
U	0.290	0.188	0.353	0.023
G	0.254	-0.252	0.236	-0.042
C	-0.474	-0.751	-0.428	-0.796
U	-0.222	-0.024	0.429	0.481
G	0.533	-0.083	0.322	-0.090
C	-0.808	-1.097	-1.555	-1.284
U	-0.251	0.106	0.200	0.608
G	-0.405	-0.104	0.473	0.440
A	-0.365	0.082	0.386	0.564
A	-0.364	-0.601	-0.256	-0.206
C	-0.942	-0.774	-0.395	-0.599
C	-1.051	-0.735	-0.705	-0.802
A	-0.471	-0.353	0.036	-0.122
C	-0.330	-0.035	0.300	0.476
G	5.469	-0.618	-0.700	-2.808
G	-0.372	-0.013	0.539	0.482
G	-0.676	0.018	0.199	-0.185
U	-0.388	0.135	0.005	0.832
U	-0.215	0.083	0.531	0.403
U	0.070	-0.113	0.464	0.452
C	-2.047	-2.288	-2.389	-3.036
U	2.675	-0.356	-0.068	-0.908
C	-0.658	-0.453	-0.096	-0.350
C	0.032	-0.012	0.210	-0.292
U	3.640	-0.381	-0.173	-0.212
C	-2.042	-1.861	-3.370	-2.460
U	-0.469	1.919	0.780	-0.831
G	-0.364	-0.098	0.249	-0.023
A	-0.346	0.225	-0.150	0.891
A	-0.421	0.143	0.567	0.400
A	-0.430	-0.209	0.349	0.320
C	-0.465	-0.050	0.461	0.375
A	-0.490	-0.228	0.384	0.393
U	0.540	-0.157	0.295	0.301
C	-1.373	-1.625	-1.494	-1.966
U	2.440	-0.213	-0.112	-1.005
G	2.060	-0.847	-0.709	-1.855
G	0.454	-0.131	0.360	0.037
G	-0.015	-0.007	0.409	0.141
A	-0.386	0.147	0.283	0.534
U	0.085	-0.046	0.311	0.572
U	1.527	-0.195	0.196	0.463
U	0.741	-0.085	0.305	0.458
A	-0.242	0.265	0.087	0.516
U	0.378	-0.107	0.346	0.504
A	-0.442	0.167	0.485	0.229
A	-0.503	0.152	0.100	0.393
C	-0.665	0.180	0.016	-0.241
A	-0.491	-0.041	0.159	0.459
G	-0.333	-0.057	0.526	0.488
G	-0.261	0.326	0.555	0.165
G	0.250	-0.228	0.394	0.423
C	-0.526	-0.350	-0.248	-0.319
U	0.937	-0.149	0.307	0.067
U	1.060	0.422	-0.675	0.527
A	-0.124	2.176	-4.641	2.880
G	0.051	-0.272	0.297	0.262
G	-0.317	0.172	0.549	0.313
A	-0.357	0.158	0.151	0.701
A	-0.422	0.334	0.281	0.358
A	-0.464	0.614	-0.087	0.488
G	-0.460	0.595	0.625	0.099
U	-0.421	0.202	0.491	0.425
G	-0.367	0.164	0.531	0.310
A	-0.458	0.004	-0.552	0.553
C	-0.277	0.083	0.389	0.291
A	-0.410	0.511	-0.115	0.709
G	-0.163	0.964	0.577	-0.422
C	-0.769	-0.512	-0.198	-0.243
G	-0.088	-0.134	0.440	0.327
U	1.127	0.058	0.078	0.134
C	-1.919	-1.944	-2.327	-2.677
U	0.692	0.276	0.071	-0.038
G	0.219	-0.046	0.338	0.027
A	-0.375	0.065	0.155	0.541
G	0.466	0.135	0.267	-0.413
C	-0.408	-0.500	-0.568	-0.399
G	0.358	-0.396	0.009	-0.304
U	0.375	0.341	-0.073	0.265
U	0.884	-0.033	0.216	0.491
C	-0.545	-0.376	-0.123	0.153
A	-1.131	-1.686	-1.705	-2.159
C	-1.134	-1.275	-1.187	-1.483
U	0.372	-0.002	0.072	0.278
G	0.312	-0.103	0.228	-0.170
U	-0.259	-0.058	0.436	0.527
G	-0.277	0.104	0.533	0.336
G	-0.155	-0.089	0.506	0.534
C	-0.409	0.008	0.549	0.490
C	-0.390	-0.044	0.509	0.452
U	0.128	0.144	0.012	0.623
G	-0.364	-0.043	0.537	0.521
U	1.580	-0.200	0.154	0.198
C	-0.336	-0.063	0.389	0.210
C	-0.456	-0.145	0.450	0.442
A	0.010	0.198	0.493	0.277
U	4.373	-0.529	-0.197	0.438
U	0.225	-0.040	0.419	0.141
G	0.149	0.672	0.512	-0.348
C	-0.485	-0.342	0.096	-0.097
U	-0.259	-0.077	0.512	0.478
A	-0.388	0.523	-0.897	1.227
G	-0.361	0.107	0.465	0.243
C	-0.453	0.296	0.240	0.434
C	-0.423	-0.065	0.513	0.489
C	-0.471	-0.263	0.348	0.346
U	1.647	-0.214	0.090	0.451
A	-0.531	-0.597	-0.170	-0.283
A	-1.138	-0.792	-1.052	-1.153
C	-1.194	-1.251	-1.118	-1.584
A	-0.877	-0.677	-1.791	-0.563
U	0.013	0.787	-1.532	1.482
A	-0.426	0.088	-0.003	0.596
G	-0.497	-0.114	0.402	0.323
G	-0.271	2.104	0.722	-1.061
A	-0.560	0.012	-0.302	0.201
C	-0.832	-0.413	-0.469	-0.185
C	-1.356	-2.019	-2.692	-2.802
G	0.745	-0.274	0.050	-0.534
C	-1.284	-1.583	-2.730	-2.951
U	0.829	-0.126	0.207	-0.119
G	1.037	-0.176	0.241	-0.282
U	-0.209	0.018	0.525	0.466
G	-0.416	0.088	0.559	0.437
U	-0.325	-0.018	0.536	0.500
G	0.033	0.297	0.500	0.205
C	-0.415	0.071	0.557	0.449
C	-0.235	-0.004	0.513	0.387
A	-0.034	-0.046	0.415	0.557
G	-0.126	-0.077	0.483	0.370
G	-0.452	0.266	0.556	0.268
G	-0.300	-0.078	0.496	0.487
C	-0.539	0.062	0.338	0.030
U	-0.294	0.002	0.448	0.509
G	-0.394	0.002	0.515	0.422
U	-0.032	-0.019	0.410	0.462
C	-0.335	0.022	0.381	0.322
C	-0.363	-0.185	0.170	0.351
U	3.190	-0.498	-0.063	-0.251
C	-0.032	-0.769	-1.441	-2.520
C	-0.587	0.437	0.187	-0.411
A	0.141	0.568	-1.066	0.279
U	0.315	0.762	-0.178	0.437
G	-0.157	-0.070	0.479	0.453
C	-1.375	-1.272	-1.127	-1.320
U	3.037	-0.207	0.001	0.233
C	-0.430	-0.017	0.339	0.296
A	-0.340	0.471	-1.096	0.975
A	-0.308	0.347	-0.774	0.772
U	-0.240	-0.118	0.513	0.561
A	0.060	0.057	-0.682	0.370
C	-0.918	-0.656	-0.372	-0.446
A	-0.040	-0.723	-0.792	-0.604
C	-0.463	-0.284	0.312	0.291
G	2.585	-0.458	-0.178	-0.851
U	3.131	0.176	-1.091	0.331
U	0.317	-0.135	0.360	0.566
A	-0.423	1.406	-2.685	1.580
G	-0.352	0.097	0.486	0.263
C	-0.821	-0.159	-1.053	-0.032
U	2.295	-0.240	0.034	0.481
U	0.513	-0.073	0.267	0.586
G	-0.311	-0.143	0.424	0.370
U	0.052	0.007	0.408	0.474
C	-1.113	-1.005	-0.717	-0.780
A	-1.296	-2.453	-2.705	-3.301
C	-1.302	-1.289	-1.002	-1.284
C	-0.388	-0.372	-0.111	-0.055
A	-0.703	-0.970	-0.912	-0.914
A	-1.628	-1.294	-1.731	-1.798
A	-1.044	-0.710	-1.164	-0.800
C	-1.900	-1.774	-2.302	-2.215
A	-0.976	-0.784	-0.819	-0.741
U	-0.004	0.010	0.402	0.352
A	0.518	-0.569	-0.273	-0.148
C	-0.493	-0.320	0.225	0.151
C	-0.304	0.044	0.309	0.402
C	-1.023	-0.725	-0.442	-0.726
G	-0.094	-0.014	0.465	0.330
U	0.306	-0.192	0.432	0.527
G	-0.369	0.102	0.522	0.334
C	-0.459	-0.223	0.321	0.250
C	-1.930	-2.427	-2.508	-3.178
G	0.812	-0.306	0.045	-0.529
C	-1.012	-0.949	-1.431	-1.170
U	0.821	-0.003	0.149	-0.120
G	-0.118	-0.044	0.237	-0.159
C	-1.598	-1.221	-3.320	-1.875
U	0.231	-0.059	0.281	0.399
U	0.948	0.015	0.214	0.414
U	1.046	-0.223	0.300	0.222
C	-0.744	-0.598	-0.183	-0.373
C	-0.432	0.268	0.583	0.316
C	-0.363	-0.128	0.524	0.559
A	-0.359	0.375	-0.137	0.796
G	-0.411	0.027	0.551	0.478
U	-0.315	0.086	0.539	0.373
C	-0.917	-0.642	-0.326	-0.588
U	0.212	0.119	0.402	0.274
G	-0.267	-0.001	0.522	0.428
A	-0.410	-0.051	0.275	0.664
U	0.802	0.255	0.343	0.241
G	-0.298	-0.116	0.492	0.513
A	-0.456	-0.022	-0.033	0.678
G	-0.412	-0.013	0.487	0.384
C	-0.426	-0.081	0.454	0.382
A	-0.314	0.104	0.387	0.328
A	-0.474	-0.025	-0.178	0.430
A	-0.418	0.251	-0.355	0.902
G	-0.380	-0.158	0.495	0.530
G	-0.337	-0.036	0.529	0.476
A	-0.460	0.158	0.518	0.295
A	-0.413	0.054	0.555	0.460
C	-0.453	0.054	0.365	0.302
U	0.001	-0.122	0.478	0.507
U	0.535	0.034	0.179	0.424
G	-0.247	-0.059	0.482	0.395
A	-0.456	0.246	-0.397	0.802
U	0.371	0.557	-0.344	0.616
G	-0.361	-0.057	0.506	0.453
C	-0.641	0.251	-2.335	0.107
U	3.072	-0.208	-0.373	-0.065
C	0.361	-0.250	0.092	-0.187
A	-0.356	0.256	-0.082	0.823
G	0.343	-0.163	0.430	0.503
A	-0.423	0.171	0.570	0.381
G	-0.402	-0.075	0.538	0.546
A	-0.387	0.206	0.570	0.355
G	-0.172	-0.010	0.499	0.351
G	-0.339	0.050	0.487	0.336
A	-0.371	0.603	-1.939	0.916
C	-0.341	-0.357	0.005	-0.078
A	-0.214	-0.180	-0.145	0.242
A	-0.343	1.026	-1.668	1.522
G	-0.260	-0.032	0.520	0.467
U	0.084	0.220	0.259	0.337
C	0.186	-0.320	0.083	-0.295
A	0.362	-0.343	0.079	0.264
U	0.756	-0.261	0.368	0.536
U	1.122	0.704	0.364	-0.073
U	-0.009	0.003	0.254	0.606
G	-0.332	-0.202	0.334	0.243
C	-0.492	-0.004	-0.055	0.566
C	-0.338	0.354	0.574	0.195
C	-0.462	0.175	0.520	0.282
A	1.223	0.326	-1.168	0.607
A	-0.359	0.514	-0.339	0.871
G	-0.404	-0.057	0.541	0.534
G	-0.314	-0.002	0.505	0.418
U	-0.172	-0.055	0.427	0.536
C	-0.449	-0.276	0.329	0.316
A	-0.547	-0.480	-0.114	-0.091
C	-0.640	-0.313	0.063	-0.158
A	0.611	-0.822	-0.890	-0.616
C	-0.339	-0.276	4.130e-004	0.055
A	-0.354	0.301	-0.584	0.825
G	0.255	-0.191	0.333	0.083
C	-0.727	-0.125	-0.682	-0.490
U	0.021	0.332	0.502	0.001
G	0.593	0.023	0.263	-0.327
G	-0.158	-0.224	0.357	0.274
C	-0.377	-0.091	0.201	-0.143
A	-0.734	-0.402	-0.067	-0.096
A	-0.707	-0.145	-0.476	0.146
C	-2.744	-3.681	-4.216	-5.336
U	-0.198	0.430	-0.233	0.685
G	-0.202	-0.325	0.062	-0.216
G	0.361	-0.236	0.278	-0.011
C	1.359	-0.430	-0.185	-1.009
A	-0.425	0.125	0.302	0.545
G	-0.399	-0.106	0.534	0.566
A	-0.480	0.597	0.600	0.048
G	-0.436	0.088	0.534	0.388
C	-0.379	0.279	0.397	0.337
C	-0.326	-0.014	0.500	0.392
A	-0.239	0.104	0.218	0.658
G	-0.436	0.260	0.523	0.202
G	-0.338	0.359	0.574	0.190
A	-0.105	0.255	0.270	0.217
U	0.032	-0.064	0.386	0.381
U	1.985	-0.208	0.021	0.165
C	-1.167	-1.187	-0.850	-1.096
A	-1.597	0.384	-5.618	-0.942
C	-1.350	-1.186	-1.246	-1.199
G	0.062	-0.046	0.280	0.063
C	-0.630	-0.268	0.065	0.006
C	-0.453	0.516	0.615	0.152
C	-0.533	0.090	0.406	0.143
U	0.505	0.257	0.430	-0.017
G	0.687	-0.186	0.251	-0.173
G	-0.183	-0.146	0.492	0.500
C	-0.430	-0.147	0.329	0.189
A	-0.416	0.030	0.243	0.507
A	-0.254	0.173	0.314	0.547
U	0.122	-0.072	0.296	0.435
U	0.138	-0.003	0.465	0.340
U	-0.169	0.475	-0.213	0.761
G	-0.343	0.022	0.481	0.337
A	-0.409	0.005	0.549	0.493
C	0.159	-0.166	0.358	0.132
U	0.941	0.068	0.371	0.203
C	-0.378	0.018	0.479	0.328
C	-0.270	-0.091	0.510	0.473
A	-0.405	0.174	0.257	0.618
G	-0.415	0.073	0.557	0.447
A	-0.469	0.746	0.566	0.058
A	-0.476	-0.062	0.358	0.403
U	0.225	-0.136	0.347	0.375
C	-0.486	-0.119	0.416	0.353
C	-0.728	-0.509	-0.146	-0.384
U	1.513	-0.228	0.268	0.375
A	-0.347	-0.328	-0.066	0.090
A	-1.448	-1.521	-1.453	-1.695
C	-0.485	-0.589	-0.294	-0.669
C	-0.692	-0.463	-0.519	-0.335
U	1.671	-0.203	0.254	0.360
U	3.551	-0.529	-0.041	0.248
A	-0.369	-0.228	0.384	0.408
A	-0.452	-0.425	-0.287	-0.235
C	-0.767	-0.564	-0.065	-0.155
C	-0.262	-0.095	0.423	0.295
C	-0.163	-0.150	0.346	0.389
A	-0.318	0.044	0.234	0.696
G	-0.408	-0.011	0.546	0.503
A	-0.459	0.966	0.409	-0.022
A	-0.403	0.410	-0.112	0.764
G	-0.280	-0.123	0.462	0.467
C	-0.489	0.022	0.074	0.368
A	-0.370	-0.167	0.187	0.176
C	-0.780	-0.330	-0.341	-0.508
G	3.761	-0.751	-1.060	-3.028
G	0.225	-0.426	-0.010	-0.290
C	-0.639	-0.477	-0.696	-0.704
U	1.097	-0.101	0.287	-0.015
U	2.247	-0.067	0.042	-0.299
C	-1.235	-1.553	-1.450	-1.758
A	-0.817	-0.493	-1.003	-0.330
A	-0.461	1.023	-2.498	1.481
G	-0.186	-0.076	0.504	0.472
C	-0.487	0.301	-0.090	0.508
C	-0.068	-0.071	0.386	0.151
C	-0.439	0.080	0.477	0.278
C	-0.492	0.137	0.251	0.215
U	1.694	0.205	-0.501	-0.196
G	0.232	0.009	0.337	-0.080
G	-0.141	-0.028	0.491	0.345
A	-0.412	0.042	0.553	0.467
A	-0.344	0.144	0.557	0.393
A	-0.294	-0.084	0.232	0.415
C	-0.286	0.060	0.505	0.321
C	-0.669	-0.483	-0.013	-0.147
A	-0.983	-1.531	-1.774	-1.666
C	-0.366	-0.243	-0.131	0.184
A	-0.503	0.743	-1.113	0.903
A	-0.619	-0.467	-0.934	-0.461
U	-0.171	0.116	0.379	0.457
A	-0.223	-0.203	0.057	0.405
C	-0.597	-0.115	0.195	0.114
C	-0.734	-0.641	-0.277	-0.528
U	0.973	0.049	0.093	0.070
G	0.770	-0.198	0.230	-0.104
U	1.080	-0.142	0.037	0.032
G	1.928	-0.293	-0.110	-1.039
G	0.362	-0.320	0.193	-0.078
C	-0.121	-0.753	-0.592	-0.990
A	-0.493	0.668	-1.306	0.943
G	-0.256	-0.225	0.276	0.172
C	-0.562	-0.025	-0.080	0.104
C	-0.282	-0.087	0.400	0.243
A	0.361	0.005	0.116	0.614
G	0.253	-0.269	0.159	-0.187
G	-0.391	0.333	0.553	0.184
G	-0.313	1.098	0.596	-0.478
G	-0.272	0.235	0.547	0.238
G	-0.263	-0.124	0.507	0.513
A	-0.518	0.189	0.121	0.322
G	-0.344	0.009	0.536	0.448
G	-0.364	0.095	0.524	0.361
U	-0.236	0.200	0.471	0.387
G	-0.378	0.396	0.587	0.190
C	-0.658	0.603	0.266	-0.610
U	-0.273	1.099	0.650	-0.345
G	-0.356	2.393	0.807	-1.269
G	-0.443	0.772	0.642	-0.040
A	-0.437	0.377	0.521	0.301
A	-0.410	0.462	0.603	0.184
U	-0.329	-0.066	0.453	0.573
C	-0.484	-0.721	-0.695	-1.157
U	0.533	-0.185	0.308	0.376
C	-1.010	-0.908	-1.009	-1.730
A	-0.322	0.018	0.116	0.107
U	1.589	0.176	0.155	-0.389
U	2.472	-0.330	0.037	-0.359
U	3.159	-0.393	-0.296	-0.315
C	0.261	-0.641	-0.312	-0.603
A	-0.596	-0.518	-1.747	-0.386
C	-0.862	-0.547	-0.581	-0.567
A	-0.124	-0.452	-1.566	-0.276
U	1.085	-0.110	-0.004	0.386
G	0.420	0.041	0.374	0.127
U	0.259	0.107	-0.014	0.561
G	1.438	-0.320	-0.112	-0.799
G	0.663	-0.371	-0.012	-0.475
G	1.555	-0.392	-0.132	-0.874
G	0.522	-0.328	0.068	-0.364
A	-0.430	0.637	-1.372	1.323
G	0.002	-0.252	0.380	0.296
G	0.828	-0.135	0.256	-0.259
G	0.541	-0.004	0.360	-0.090
G	0.023	-0.109	0.444	0.409
G	-0.016	-0.399	0.182	0.121
C	-0.647	0.006	0.132	-0.318
U	0.150	-0.012	0.383	0.371
C	-0.641	-0.002	0.051	-0.481
C	-0.349	0.075	0.544	0.403
C	-0.295	0.446	0.469	0.103
C	-0.320	-0.522	-0.145	-0.461
U	1.421	1.381	-1.428	0.013
G	0.184	0.306	0.459	-0.006
U	-0.149	0.455	0.330	0.197
G	-0.214	0.686	0.476	-0.339
C	-0.513	1.725	0.127	-1.337
U	0.509	0.112	0.280	0.314
C	-0.528	-0.212	-0.239	0.126
A	-0.506	0.813	-2.690	0.386
A	-0.365	0.665	-0.549	0.670
G	-0.422	-0.127	0.449	0.414
G	-0.133	0.140	0.427	0.079
U	0.061	0.029	0.260	0.536
C	-0.985	-0.774	-0.759	-0.673
A	-1.490	-1.581	-1.524	-1.975
C	-1.098	-1.030	-0.755	-0.837
A	-1.395	-1.673	-1.679	-2.159
A	-2.244	-3.358	-4.155	-4.439
C	-2.637	-2.888	-3.159	-3.927
C	-0.679	-0.242	-0.101	-0.338
A	0.249	0.130	-1.519	0.340
A	0.569	0.651	0.070	-0.613
A	-0.448	0.436	-0.470	0.678
G	-0.437	-0.163	0.420	0.393
A	-0.301	-0.104	0.494	0.506
G	-0.256	-0.076	0.480	0.392
G	-0.417	0.092	0.560	0.434
A	-0.426	0.143	0.304	0.532
A	-0.363	0.343	-0.385	0.935
G	-0.466	0.656	0.633	0.058
C	-0.487	0.007	0.106	0.490
U	-0.308	0.159	0.394	0.463
G	-0.349	0.254	0.535	0.213
U	-0.147	0.018	0.515	0.442
G	-0.281	0.066	0.474	0.267
A	-0.402	-0.073	0.538	0.545
U	2.890	-0.273	0.007	0.286
U	0.188	0.221	0.480	0.147
A	-0.561	-0.090	0.242	0.197
A	-0.438	0.129	0.484	0.262
A	-0.451	0.372	0.413	0.319
A	-0.056	-0.305	-0.023	0.191
C	-0.745	-0.527	-0.195	-0.262
C	-0.206	-0.043	0.298	-0.027
C	-0.304	-0.058	0.384	0.412
A	-0.362	0.176	0.170	0.676
G	-0.374	-0.019	0.539	0.487
G	-0.429	0.237	0.579	0.337
U	-0.126	0.117	0.283	0.479
C	-0.490	-0.166	0.399	0.365
C	-0.428	0.228	0.578	0.343
C	-0.333	-0.168	0.457	0.450
A	0.009	-0.039	0.331	0.396
U	0.632	-0.098	0.141	0.377
U	4.506	-0.257	-0.095	0.201
U	0.271	0.360	-0.070	0.413
G	-0.211	0.024	0.511	0.351
C	-0.568	0.359	0.340	-0.020
A	-0.629	0.309	0.021	-0.021
A	-0.453	0.267	-0.527	0.747
A	-0.507	0.537	-0.998	0.888
G	-0.268	-0.152	0.423	0.397
C	-0.383	0.363	-0.121	0.465
C	-0.154	-0.141	-0.017	0.079
U	1.311	-0.110	0.289	0.185
C	-1.640	-1.510	-1.879	-1.946
G	-0.456	-0.234	0.325	0.269
A	-0.425	-0.064	0.032	0.223
C	-0.233	-0.387	0.040	-0.002
U	-0.012	-0.029	0.242	0.514
U	0.329	0.256	0.384	0.135
U	0.440	0.130	0.362	0.265
U	0.024	0.102	0.335	0.399
A	-0.600	0.180	-0.422	-0.033
G	-0.152	0.116	0.454	0.148
C	-0.410	-0.924	-1.177	-1.745
A	-0.434	0.286	-0.146	0.586
G	0.354	0.011	0.396	-0.002
G	-0.241	0.022	0.500	0.398
U	-0.267	0.152	0.468	0.423
G	-0.302	0.045	0.483	0.339
C	-0.490	0.071	0.124	0.447
A	-0.653	-0.170	0.053	-0.092
U	3.229	-0.419	-0.021	-0.036
C	-0.477	-0.023	0.304	0.027
A	-0.393	0.320	0.454	0.240
U	0.200	-0.129	0.455	0.511
A	-0.408	0.291	0.317	0.017
C	-1.227	-0.907	-1.058	-1.782
U	-0.174	0.192	0.308	0.448
G	0.280	-0.150	0.200	-0.192
U	0.476	-0.018	0.335	0.281
U	1.120	-0.279	0.230	0.482
C	-0.493	-0.191	0.311	0.412
C	-0.470	0.328	0.462	0.241
C	-0.847	-1.159	-0.799	-1.089
A	-0.593	-1.842	-1.890	-1.927
C	-0.486	-0.788	-0.374	-0.645
C	-0.475	-0.631	-0.183	-0.401
C	-0.367	0.207	0.171	-0.273
C	-0.422	-0.564	-0.059	-0.221
U	1.899	-0.366	0.202	0.416
C	-0.371	-0.444	0.103	-0.010
C	-0.299	0.248	0.554	0.246
C	-0.373	-0.260	0.150	0.130
A	0.253	-0.216	0.226	0.198
U	1.550	-0.116	0.085	0.097
C	-0.123	-0.149	0.425	0.319
C	-0.500	0.131	0.410	0.103
C	-0.620	-0.400	0.028	-0.152
A	-0.770	-1.628	-1.536	-1.859
C	-0.772	-0.604	-0.131	-0.253
U	0.713	-0.174	0.364	0.337
U	1.711	0.070	0.273	0.113
C	-1.688	-1.704	-1.611	-2.063
U	-0.067	0.030	0.167	0.590
G	-0.259	0.107	0.510	0.326
U	0.347	0.335	0.404	0.172
C	-0.456	-0.044	0.321	0.263
C	-0.404	-0.054	0.541	0.532
A	-0.199	0.227	0.013	0.671
G	0.390	-0.238	0.166	-0.233
C	0.583	0.079	-0.223	-0.304
C	-2.306	-2.827	-3.179	-3.885
G	-0.450	-0.082	0.282	0.046
C	-0.598	-0.211	-0.194	-0.152
C	-0.607	-0.483	-0.074	-0.287
U	2.028	0.098	0.026	0.281
A	-0.330	1.766	-3.262	2.251
G	-0.130	-0.164	0.382	0.367
C	-0.471	0.173	0.130	0.475
C	-0.318	0.068	0.405	0.332
C	-0.572	0.366	0.421	-0.081
C	-0.502	-0.126	0.312	0.362
A	-0.160	-0.735	-0.577	-0.650
C	-0.454	-0.177	0.395	0.359
U	-0.109	0.059	0.508	0.361
U	1.674	0.110	0.296	0.185
U	0.717	-0.249	0.309	0.059
C	-1.557	-1.602	-1.364	-1.679
U	0.022	-0.194	0.454	0.464
U	0.505	-0.014	0.428	0.388
U	0.206	0.466	0.528	0.127
U	0.166	-0.152	0.451	0.493
U	-0.016	-0.159	0.478	0.551
U	0.331	-0.142	0.437	0.509
U	-0.106	-0.005	0.427	0.496
U	0.431	-0.229	0.386	0.358
C	-1.618	-1.689	-1.550	-1.746
U	-0.028	-0.202	0.469	0.545
U	0.158	-0.033	0.393	0.491
U	0.504	-0.156	0.412	0.485
U	0.369	-0.218	0.347	0.616
U	0.286	-0.227	0.412	0.425
U	0.340	0.515	0.179	0.102
U	0.167	0.036	0.133	0.368
G	-0.166	-0.307	0.153	-0.084
A	-0.413	0.612	-1.328	1.099
G	-0.198	-0.263	0.384	0.464
A	-0.543	-0.226	-1.139	0.088
C	-0.361	-0.184	0.318	0.183
A	-0.386	1.117	-2.049	1.704
G	-0.378	-0.130	0.501	0.532
U	0.315	-0.134	0.393	0.170
C	-0.396	-0.718	-0.764	-0.747
U	2.280	-0.346	0.082	-0.166
C	0.338	-0.601	-0.226	-0.702
C	-0.130	0.013	0.381	0.075
C	-0.201	-0.523	-0.214	-0.416
U	3.820	-0.347	-0.402	-0.652
C	-0.081	-0.771	-0.602	-1.009
U	1.836	-0.260	0.170	-0.022
U	1.502	-0.105	0.018	-0.432
G	1.297	-0.029	0.097	-0.766
C	-0.293	-0.955	-0.984	-1.356
U	0.536	-0.110	0.271	0.030
G	0.871	-0.235	0.184	-0.322
A	-0.395	-0.144	0.476	0.496
G	-0.413	-0.158	0.503	0.554
G	-0.423	0.111	0.508	0.309
C	-0.388	-0.032	0.437	0.508
U	0.150	0.041	0.152	0.386
G	0.429	-0.018	0.378	-0.029
G	0.117	-0.085	0.419	0.265
A	-0.404	0.001	0.473	0.552
G	-0.426	-0.008	0.523	0.456
U	-0.406	0.020	0.475	0.540
G	-0.202	0.162	0.473	0.152
C	-0.460	-0.002	0.267	0.360
A	-0.355	1.259	-2.091	1.787
G	-0.443	0.761	0.641	-0.033
U	-0.369	-0.040	0.461	0.559
G	-0.387	0.111	0.556	0.402
G	-0.486	0.682	0.613	-0.006
C	-0.608	-0.149	0.084	0.153
G	0.600	-0.109	0.141	-0.470
A	-0.440	1.390	-2.165	1.510
G	-0.425	-0.024	0.521	0.466
A	-0.405	0.021	0.422	0.443
U	-0.113	-0.022	0.429	0.507
C	-0.820	-0.420	-0.276	-0.718
U	4.677	-0.503	-0.190	0.035
C	-0.584	-0.623	-0.517	-0.871
G	0.687	-0.231	-0.059	-0.772
G	0.259	-0.197	0.353	0.370
C	-0.447	0.487	0.470	-0.123
U	1.441	-0.265	0.226	0.072
C	-0.803	-0.451	-0.208	-0.348
A	-1.337	-1.574	-2.120	-2.843
C	-1.697	-1.651	-1.694	-2.066
U	-0.229	0.040	0.298	0.573
G	-0.360	-0.147	0.383	0.284
U	-0.089	0.070	0.434	0.426
A	-0.372	0.071	0.090	0.593
A	-0.974	-0.749	-0.709	-0.792
C	-0.585	-0.144	0.017	-0.224
C	-0.526	-0.429	-0.418	-0.637
U	3.110	-0.264	-0.360	0.177
C	-0.240	-0.778	-0.569	-0.898
C	-0.822	-0.564	-0.596	-1.034
G	0.173	-0.030	0.141	-0.379
C	-0.425	-0.178	0.342	0.242
C	0.415	-0.214	0.218	-0.168
U	2.591	-0.265	-0.192	0.293
C	-0.457	-0.172	0.442	0.451
C	-0.360	0.397	0.479	0.180
C	0.368	-0.016	-0.152	-0.037
G	5.947	-0.616	-0.764	-2.616
G	0.249	-0.031	0.418	0.138
G	-0.464	-0.091	0.189	-0.104
U	-0.228	1.052	-1.812	1.612
U	1.893	0.021	0.105	0.271
C	-0.549	-0.192	0.111	-0.001
A	-0.298	-0.159	-0.532	0.245
A	-0.390	0.798	-1.203	1.308
G	-0.429	0.230	0.578	0.342
C	-0.968	-0.538	-0.538	-0.681
G	-0.366	0.397	0.556	0.123
A	-0.462	0.194	0.203	0.456
U	0.256	0.652	0.443	-0.138
U	1.294	-0.112	0.258	-0.048
C	0.499	-0.455	-0.332	-1.098
U	4.717	-0.605	-0.280	-0.422
C	-0.423	0.117	0.512	0.312
C	-0.555	-0.348	0.039	0.024
U	0.634	0.232	-0.250	0.516
G	-0.330	-0.180	0.265	0.078
C	-0.604	-0.007	-0.197	0.168
C	-0.316	-0.407	-0.298	-0.673
U	4.877	-0.607	-0.229	0.077
C	-0.582	-0.355	0.138	0.024
A	-0.063	1.910	-4.021	2.365
G	-0.405	-0.087	0.427	0.342
C	-0.359	0.674	-0.833	0.986
C	0.227	-0.176	-0.020	-0.010
U	2.411	-0.318	0.089	-0.060
C	-0.434	-0.233	0.210	0.216
C	-0.446	0.268	0.482	0.329
C	-0.046	-0.055	0.336	0.246
A	2.461	0.018	-0.785	0.782
A	-0.411	0.324	-0.190	0.808
G	-0.371	-0.052	0.535	0.509
U	-0.319	0.093	0.540	0.371
A	-0.438	0.490	0.384	0.342
G	-0.196	-0.100	0.409	0.255
C	-0.200	-0.143	-0.047	0.004
U	0.142	-0.036	0.302	0.411
A	-0.245	1.903	-3.627	2.440
G	-0.324	-0.209	0.338	0.268
G	-0.144	0.284	0.527	0.120
A	-0.414	0.267	0.286	0.544
U	1.485	0.138	0.046	0.017
U	0.871	0.048	0.227	0.343
A	-0.310	0.153	0.165	0.618
C	-0.405	-0.043	0.412	0.469
A	-0.457	0.389	0.165	0.434
G	-0.309	-0.028	0.525	0.452
G	-0.459	0.158	0.520	0.298
C	-1.343	-1.101	-1.057	-1.570
G	-0.338	1.250	0.576	-0.631
C	-0.493	-0.082	0.157	0.210
C	-0.390	0.098	0.233	0.182
C	-0.906	-0.555	-0.295	-0.608
G	0.019	-0.096	0.286	-0.022
C	-0.737	-0.430	-0.250	-0.246
C	-0.780	-0.017	-0.211	-0.542
A	-1.762	-2.316	-3.336	-3.285
C	-1.140	-1.209	-0.861	-1.105
C	-0.841	-0.768	-0.493	-0.612
A	0.017	-0.759	-2.296	-1.044
C	-1.213	-0.946	-0.797	-1.207
G	-0.382	-0.414	0.134	0.043
C	-0.612	0.012	-0.173	0.109
C	-0.270	0.104	-0.108	0.107
U	0.242	1.273	-2.119	1.436
G	-0.005	0.003	0.442	0.197
G	-0.131	-0.167	0.370	0.268
C	-0.424	-0.012	-0.155	-0.068
U	-0.068	0.195	0.370	0.379
A	-0.300	-0.340	0.277	0.326
A	-0.868	-0.492	-0.236	-0.540
C	-1.080	-1.021	-0.691	-0.945
U	-0.065	-0.040	0.494	0.442
U	0.130	-0.181	0.457	0.553
U	-0.226	0.089	0.383	0.518
U	0.039	0.279	-0.017	0.627
G	-0.317	0.342	0.546	0.173
U	-0.352	0.230	0.568	0.335
A	-0.421	-0.062	0.460	0.392
U	-0.168	0.013	0.375	0.541
U	-0.233	0.049	0.527	0.411
U	0.183	-0.113	0.298	0.548
U	-0.068	-0.116	0.408	0.549
U	0.473	0.337	0.163	0.355
A	-0.422	0.906	-1.886	1.427
G	-0.376	-0.052	0.479	0.394
U	0.006	-0.141	0.375	0.414
A	-0.346	0.855	-1.041	1.211
G	-0.365	-0.120	0.526	0.555
A	-0.414	-0.098	0.433	0.573
G	-0.429	-0.196	0.473	0.532
A	-0.415	0.126	0.487	0.470
U	-0.414	0.061	0.556	0.455
G	0.506	-0.156	0.346	0.021
G	-0.239	-0.087	0.504	0.450
G	-0.392	-0.028	0.513	0.446
G	-1.022	-0.702	-0.768	-1.333
U	-0.144	-0.094	0.428	0.575
U	0.011	-0.049	0.488	0.473
U	0.276	0.004	0.443	0.287
C	-1.358	-1.425	-1.108	-1.362
A	-1.276	-1.888	-2.033	-2.590
C	-0.902	-0.755	-0.640	-0.473
C	-0.517	-0.157	0.199	0.388
A	-0.307	1.106	-0.454	-0.673
U	0.279	-0.042	0.303	0.563
G	-0.257	0.499	0.452	-0.127
U	1.187	0.633	-0.966	0.982
U	1.133	0.303	-0.296	0.178
G	1.149	-0.021	0.206	-0.527
G	-0.033	-0.128	0.401	0.382
C	-0.499	0.022	0.351	0.305
C	-0.359	0.204	0.561	0.317
A	-0.408	0.257	0.185	0.626
G	-0.404	-0.047	0.542	0.527
G	-0.400	-0.102	0.535	0.564
C	-0.431	0.254	0.581	0.326
U	-0.286	0.133	0.463	0.382
G	-0.229	0.058	0.493	0.300
G	-0.338	-0.030	0.475	0.372
U	0.034	-0.029	0.477	0.384
C	-0.477	0.219	0.337	-0.136
U	0.745	0.081	0.410	0.304
C	-0.886	-1.059	-0.764	-1.104
A	-0.314	0.175	0.299	0.498
A	-0.538	1.043	0.633	-0.298
A	-0.445	0.041	0.366	0.331
C	-0.464	-0.087	0.403	0.291
U	0.056	-0.069	0.477	0.464
C	-0.422	0.465	0.603	0.168
C	-0.431	-0.023	0.462	0.344
U	0.475	0.024	0.264	0.323
G	-0.337	0.006	0.537	0.467
A	-0.346	-0.085	0.129	0.429
C	-0.358	-0.039	0.312	0.441
C	-0.389	-0.518	-0.187	-0.538
U	5.258	-0.580	-0.271	0.040
U	1.340	-0.049	0.051	0.227
A	-0.145	-0.336	-0.231	0.033
A	-0.363	0.394	-0.508	0.859
G	-0.295	0.048	0.540	0.453
U	-0.336	0.067	0.465	0.487
G	-0.407	-0.012	0.546	0.504
A	-0.377	0.140	0.482	0.459
U	-0.243	-0.008	0.527	0.486
U	0.011	0.091	0.497	0.326
C	-2.437	-2.637	-3.357	-3.505
G	-0.123	-0.208	0.314	0.270
C	-0.423	0.007	0.450	0.502
C	-0.395	0.223	0.570	0.326
C	-0.521	-0.184	0.307	0.197
A	-0.572	-0.971	-0.992	-1.239
C	-0.826	-0.848	-0.607	-0.766
U	1.129	-0.074	0.079	-0.291
G	0.983	-0.286	0.098	-0.447
U	1.321	-0.085	0.057	-0.305
G	0.629	-0.245	0.224	-0.176
G	-0.092	-0.105	0.491	0.501
C	-0.392	0.382	-0.056	0.646
C	-0.080	-0.309	0.162	-0.084
U	2.599	-0.303	0.056	-0.168
C	-0.154	-0.307	0.187	-0.016
C	-0.352	-0.052	0.356	0.134
C	-0.230	0.122	0.417	0.296
A	0.062	0.234	-0.491	0.930
A	0.016	0.341	-0.131	0.670
A	-0.415	0.127	0.484	0.472
G	-0.422	0.158	0.568	0.390
U	-0.263	0.346	0.478	0.217
G	-0.136	-0.023	0.491	0.337
C	-0.381	-0.158	0.285	0.096
U	0.060	0.074	0.384	0.205
G	0.617	-0.017	0.311	-0.209
G	0.247	0.077	0.395	-0.042
G	0.034	-0.032	0.318	0.012
A	-0.427	-0.093	0.345	0.579
U	3.818	-0.127	-0.345	-0.434
U	2.119	-0.203	0.174	0.146
A	-0.342	0.261	0.354	0.335
C	-0.591	-0.061	0.117	0.164
A	-0.360	0.120	0.233	0.660
G	-0.458	0.118	0.511	0.317
G	-0.348	0.155	0.556	0.367
C	-0.428	-0.010	0.380	0.393
G	-0.195	1.188	0.437	-0.888
U	-0.063	-0.019	0.406	0.392
G	-0.256	-0.244	0.220	0.016
A	-0.327	1.060	-1.648	1.556
G	1.334	-0.285	-0.269	-1.270
C	1.154	-0.364	-0.137	-0.928
U	0.585	-0.158	0.367	0.235
A	-0.402	-0.651	-1.168	-1.616
C	-1.754	-1.931	-2.091	-2.362
C	-2.137	-1.931	-3.029	-2.921
G	-0.445	-0.739	-0.449	-0.826
C	-1.620	-0.619	-3.568	-1.196
C	-0.829	-0.434	-1.381	-0.204
C	-0.520	0.309	0.424	-0.031
C	-0.365	-0.160	0.461	0.458
C	-0.405	0.121	0.171	0.544
A	-0.222	1.346	-2.482	1.713
G	-0.193	0.064	0.497	0.361
C	-0.476	0.892	-0.856	0.800
C	-0.036	-0.223	0.152	0.039
C	-0.518	0.266	0.414	-0.011
C	-0.773	-0.855	-0.468	-0.710
U	2.087	-0.315	0.139	0.041
C	-0.393	-0.247	0.256	0.123
C	-0.361	0.137	0.431	0.113
C	-0.447	-0.178	0.298	0.157
A	0.289	0.010	0.207	0.178
U	0.894	0.028	0.266	0.079
C	-0.277	-0.050	0.189	-0.230
C	-0.500	0.329	0.456	0.012
C	-0.484	-0.343	0.062	-0.167
A	-0.854	-1.654	-1.690	-1.917
C	-0.571	-0.340	0.142	0.017
U	1.502	-0.243	0.143	0.148
U	3.005	-0.008	-0.111	-0.249
C	-1.343	-1.420	-1.384	-1.711
U	0.397	0.320	-0.454	0.640
G	-0.322	0.131	0.521	0.327
U	0.842	0.635	0.366	-0.134
C	-0.486	-0.223	0.149	-0.101
C	-0.371	-0.026	0.537	0.490
A	-0.295	0.739	-1.032	1.110
G	-0.297	-0.039	0.521	0.453
C	-0.431	0.583	-0.222	0.679
C	0.093	-0.247	0.296	0.097
C	-0.384	0.129	0.410	0.324
C	-0.328	-0.101	0.520	0.517
C	-0.427	-0.697	-0.387	-0.532
U	0.632	0.144	0.171	0.382
A	-0.184	1.282	-2.192	1.820
G	-0.275	-0.142	0.452	0.452
C	-0.466	0.491	0.185	0.363
C	-0.269	0.185	0.510	0.208
C	-0.556	-0.179	0.094	-0.241
U	4.836	-0.616	-0.318	-0.581
A	-0.118	-0.371	0.029	0.146
C	-0.574	-0.366	-0.088	-0.435
U	1.449	0.044	0.076	-0.168
U	1.929	-0.085	0.208	0.056
U	1.544	-0.044	0.167	-0.608
C	-0.990	-0.965	-0.678	-0.991
U	0.537	-0.070	0.289	0.169
U	1.629	0.189	0.283	-0.068
U	2.658	-0.422	-0.027	-0.533
C	0.266	-0.633	-0.572	-1.135
U	5.190	-0.208	-1.327	-2.284
G	4.972	-0.482	-0.673	-2.769
G	-0.097	0.841	0.552	-0.355
G	-0.212	0.002	0.477	0.302
A	-0.513	-0.118	0.195	0.390
U	0.983	-0.066	0.319	0.064
C	-0.300	-0.029	0.374	0.139
C	-0.038	-0.069	0.435	0.244
A	-0.273	0.196	0.127	0.681
G	-0.309	0.091	0.538	0.366
G	-0.354	0.279	0.572	0.283
A	-0.430	0.008	0.521	0.438
G	-0.351	0.253	0.568	0.300
U	0.220	0.618	0.514	-0.193
C	-0.385	0.067	0.303	0.326
C	-0.370	0.026	0.458	0.520
A	-0.365	0.856	-0.642	0.906
G	-0.461	0.600	0.626	0.095
A	-0.448	0.451	0.607	0.194
U	-0.311	0.168	0.550	0.334
C	-0.285	-0.023	-0.086	-0.826
C	-0.645	-0.292	0.111	-0.078
C	-0.443	0.338	0.528	0.138
C	-0.432	0.076	0.439	0.459
A	-0.221	1.022	-1.500	1.201
G	-0.392	0.836	0.646	-0.070
C	-0.475	0.667	-0.767	0.822
C	-0.234	-0.278	0.094	0.036
C	-0.395	0.222	0.503	0.187
C	-0.254	-0.296	0.218	0.061
C	-0.732	-0.587	-0.257	-0.540
U	4.730	-0.529	-0.547	-1.728
C	-0.167	-0.786	-0.504	-0.987
U	4.128	-0.610	-0.225	-0.487
C	0.163	-0.217	0.046	-0.465
C	-0.326	-0.002	0.441	0.517
A	-0.364	0.204	0.291	0.567
G	-0.590	2.092	0.821	-0.901
A	-0.446	0.496	0.520	0.235
U	0.017	0.141	0.230	0.486
U	0.947	-0.198	0.350	0.466
A	-0.271	0.032	0.338	0.107
C	-0.556	-0.244	-0.015	0.410
A	-0.498	-0.282	0.156	0.028
U	0.538	-0.138	0.400	0.402
U	1.418	0.086	0.119	0.245
C	-0.555	-0.598	-0.161	-0.369
A	-0.427	-0.037	0.446	0.343
U	1.090	-0.240	0.303	0.304
C	-0.468	-0.055	0.230	-0.097
C	-0.325	-0.043	0.526	0.474
A	-0.251	0.034	0.177	0.558
G	-0.350	0.264	0.566	0.267
G	-0.378	0.123	0.556	0.388
C	-0.434	0.420	0.417	0.357
A	0.182	-0.500	-0.546	-0.214
C	-0.365	-0.185	0.047	0.168
A	-0.321	0.052	0.073	0.562
G	-0.264	0.159	0.465	0.139
G	-0.387	0.432	0.556	0.095
A	-0.431	0.121	0.343	0.501
A	-0.436	0.325	0.522	0.155
A	-0.467	0.385	-0.265	0.648
G	-0.309	-0.029	0.490	0.380
G	-0.433	0.847	0.584	-0.197
A	-0.506	0.756	-0.545	0.565
C	-0.490	0.119	0.469	0.236
A	-0.371	0.315	-0.137	0.745
G	-0.212	0.103	0.520	0.295
G	-0.337	0.336	0.535	0.131
G	-0.781	0.229	-0.027	-0.794
U	1.611	0.225	0.017	0.253
C	-0.460	0.634	0.085	-0.054
A	-0.365	0.193	0.370	0.512
G	-0.346	0.225	0.561	0.293
G	-0.508	1.140	0.696	-0.265
A	-0.425	0.427	-0.155	0.710
A	-0.511	1.180	0.702	-0.292
A	-0.425	0.323	0.393	0.430
G	-0.403	-0.068	0.539	0.541
G	-0.562	2.336	0.846	-1.068
A	-0.414	0.061	0.556	0.455
G	-0.314	-0.120	0.515	0.522
G	-0.431	0.553	0.581	0.060
A	-0.691	0.813	0.373	-0.582
C	-0.006	0.475	0.418	-0.023
U	2.878	-0.317	-0.144	-1.355
C	-0.236	-0.189	-0.712	-0.238
U	1.837	0.417	-1.197	-0.164
G	1.681	-0.047	0.009	-1.047
G	-0.206	0.431	0.517	-0.026
G	0.114	0.126	0.457	0.069
C	-0.082	-0.077	0.278	-0.065
G	4.785	0.048	-0.568	-3.032
G	-0.366	0.025	0.542	0.450
C	-0.472	0.136	0.497	0.274
A	-0.537	0.544	-0.867	0.715
G	-0.436	3.490	0.796	-2.283
C	-0.517	0.822	0.058	-0.167
C	-0.184	0.198	0.027	-0.203
U	2.263	-0.264	-0.052	-0.400
C	-0.574	-0.449	-0.266	-0.726
C	-0.737	-0.541	-0.303	-0.678
A	-1.025	-1.286	-1.332	-1.830
C	-0.757	-0.976	-0.724	-1.130
A	0.367	0.148	0.200	-0.158
U	1.494	-0.163	0.279	0.335
U	0.993	-0.103	0.319	0.129
C	-0.266	-0.190	0.045	-0.398
C	-0.387	-0.577	-0.139	-0.382
C	0.025	-0.349	-0.310	-0.728
C	-0.197	-0.383	0.095	-0.124
U	3.788	-0.444	-0.146	-0.449
U	6.211	-0.527	-0.857	-0.888
C	1.106	-0.123	-0.119	-0.466
C	-0.647	-0.558	-0.048	-0.153
A	-0.053	-0.467	-0.719	-0.164
C	-1.252	-1.289	-1.149	-1.281
G	0.136	-0.183	0.119	-0.214
C	-1.342	-0.841	-1.881	-2.413
U	2.454	0.126	-0.502	0.360
U	0.363	0.370	0.133	0.253
G	0.378	-0.165	-0.067	-0.641
G	0.020	2.009	0.622	-1.283
C	-0.592	2.762	-1.625	0.282
C	-0.510	0.044	0.178	0.360
C	-0.439	0.034	0.515	0.403
C	-0.457	-0.172	0.367	0.296
C	-0.345	0.549	0.368	0.243
A	-0.411	0.335	0.128	0.625
G	-0.508	1.705	0.760	-0.674
A	-0.447	0.519	0.509	0.231
A	-1.069	7.839	1.221	-4.472
U	-0.233	0.623	0.481	0.122
G	0.259	0.765	0.500	-0.486
G	-0.378	0.212	0.566	0.322
A	-0.447	0.128	0.445	0.191
G	-0.056	-0.038	0.473	0.297
G	-0.249	0.553	0.583	0.025
A	-0.345	0.352	-0.016	0.714
G	0.315	-0.259	0.328	0.124
G	-0.494	-0.046	0.424	0.301
G	-0.360	0.157	0.474	0.229
U	-0.359	0.709	0.497	0.049
G	-0.455	0.533	0.617	0.140
U	0.245	0.799	0.437	-0.036
C	-0.740	0.287	-0.001	-0.543
U	0.027	0.218	0.264	0.271
G	-0.164	2.552	0.707	-1.625
U	2.106	14.588	-27.908	12.411
A	-0.427	0.598	0.575	0.009
U	1.711	0.375	-0.733	0.706
U	0.677	-0.140	0.345	0.120
A	-0.452	0.132	0.522	0.326
C	-0.767	-0.268	-0.135	-0.204
U	1.455	-0.171	0.036	-0.443
G	2.046	0.205	-0.157	-1.713
G	0.464	0.898	0.423	-0.819
G	-0.488	2.157	0.705	-1.226
C	-0.794	-0.321	-0.041	-0.332
G	-0.435	0.111	0.365	0.016
A	-0.431	0.359	0.446	0.369
G	-0.340	-0.046	0.529	0.485
G	-0.436	0.315	0.589	0.285
U	0.373	0.081	0.456	0.334
G	-0.365	0.334	0.577	0.226
U	0.791	0.485	-0.023	-0.058
C	0.350	-0.076	-0.117	-0.297
C	0.071	0.129	-0.114	0.300
U	2.328	0.276	-0.315	0.042
C	-0.035	-0.192	0.165	-0.197
C	0.193	0.217	0.070	-0.837
C	-0.533	-0.010	0.381	0.188
U	3.164	-0.210	-0.022	-0.417
U	6.863	-0.460	-0.727	-2.136
C	-0.192	-0.131	0.490	0.451
C	0.202	-0.111	0.316	-0.017
U	4.238	0.032	-0.732	-0.979
G	1.804	0.491	-0.500	-2.645
G	1.626	2.245	0.392	-2.433
G	-0.428	0.223	0.577	0.347
G	-0.027	0.088	0.382	-0.019
A	-0.415	0.071	0.557	0.448
C	-0.473	-0.013	0.459	0.339
U	-0.426	0.196	0.574	0.365
G	0.070	0.953	0.559	-0.500
U	-0.470	0.705	0.640	0.025
G	0.349	0.435	0.445	-0.305
G	1.416	-0.189	-0.028	-0.875
G	3.325	2.974	0.040	-4.189
G	3.638	1.089	-0.350	-3.319
G	0.109	-0.159	-0.108	-0.829
G	-0.478	0.827	0.444	-0.438
U	-0.097	1.004	0.301	-0.190
G	-0.447	1.893	0.769	-0.849
G	-0.364	0.160	0.027	-0.632
U	0.295	1.101	0.564	-0.513
C	-1.100	-0.044	-0.943	-2.398
A	-0.634	0.293	0.322	-0.203
A	-3.122	31.636	4.068	-20.162
A	-0.109	0.045	0.516	0.439
A	-0.547	1.591	0.755	-0.567
G	-0.401	-0.085	0.537	0.552
A	-0.397	-0.128	0.531	0.581
C	-0.427	0.209	0.575	0.356